0.00079569
0.00088657
0.00097672
0.0010662
0.0011549
0.0012429
0.0013301
0.0014167
0.0015025
0.0015876
0.001672
0.0017557
0.0018386
0.0019208
0.0020024
0.0020831
0.0021632
0.0022425
0.0023212
0.0023991
0.0024762
0.0025527
0.0026284
0.0027035
0.0027777
0.0028513
0.0029242
0.0029963
0.0030677
0.0031384
0.0032084
0.0032776
0.0033462
0.003414
0.003481
0.0035474
0.0036131
0.003678
0.0037422
0.0038057
0.0038684
0.0039305
0.0039918
0.0040524
0.0041123
0.0041714
0.0042298
0.0042876
0.0043446
0.0044008
0.0044564
0.0045112
0.0045653
0.0046187
0.0046714
0.0047233
0.0047746
0.0048251
0.0048748
0.0049239
0.0049722
0.0050199
0.0050668
0.0051129
0.0051584
0.0052031
0.0052472
0.0052905
0.005333
0.0053749
0.005416
0.0054564
0.0054961
0.0055351
0.0055733
0.0056109
0.0056477
0.0056838
0.0057191
0.0057538
0.0057877
0.0058209
0.0058534
0.0058852
0.0059162
0.0059465
0.0059761
0.006005
0.0060331
0.0060606
0.0060873
0.0061133
0.0061386
0.0061631
0.0061869
0.0062101
0.0062324
0.0062541
0.0062751
0.0062953
0.0063148
0.0063336
0.0063516
0.006369
0.0063856
0.0064015
0.0064167
0.0064312
0.0064449
0.0064579
0.0064702
0.0064818
0.0064926
0.0065028
0.0065122
0.0065209
0.0065288
0.0065361
0.0065426
0.0065484
0.0065535
0.0065579
0.0065615
0.0065645
0.0065667
0.0065682
0.0065689
0.006569
0.0065683
0.0065669
0.0065648
0.0065619
0.0065583
0.0065541
0.0065491
0.0065433
0.0065369
0.0065297
0.0065218
0.0065132
0.0065039
0.0064938
0.0064831
0.0064716
0.0064594
0.0064464
0.0064328
0.0064184
0.0064033
0.0063875
0.0063709
0.0063537
0.0063357
0.006317
0.0062976
0.0062774
0.0062566
0.006235
0.0062127
0.0061896
0.0061659
0.0061414
0.0061162
0.0060903
0.0060637
0.0060363
0.0060083
0.0059795
0.00595
0.0059197
0.0058888
0.0058571
0.0058247
0.0057916
0.0057577
0.0057232
0.0056879
0.0056519
0.0056154
0.0055794
0.0055443
0.00551
0.0054765
0.0054437
0.0054118
0.0053807
0.0053504
0.005321
0.0052923
0.0052644
0.0052373
0.0052111
0.0051856
0.005161
0.0051372
0.0051141
0.0050919
0.0050705
0.0050499
0.0050301
0.0050111
0.0049929
0.0049755
0.0049589
0.0049432
0.0049282
0.0049141
0.0049007
0.0048882
0.0048764
0.0048655
0.0048554
0.0048461
0.0048376
0.0048299
0.004823
0.0048169
0.0048116
0.0048072
0.0048035
0.0048006
0.0047986
0.0047974
0.0047969
0.0047973
0.0047985
0.0048005
0.0048033
0.0048069
0.0048113
0.0048165
0.0048225
0.0048293
0.004837
0.0048454
0.0048547
0.0048647
0.0048756
0.0048872
0.0048997
0.004913
0.0049271
0.004942
0.0049577
0.0049742
0.0049915
0.0050097
0.0050286
0.0050483
0.0050689
0.0050902
0.0051124
0.0051354
0.0051591
0.0051837
0.0052091
0.0052353
0.0052623
0.0052901
0.0053187
0.0053482
0.0053784
0.0054094
0.0054413
0.0054739
0.0055074
0.0055417
0.0055767
0.0056126
0.0056493
0.0056868
0.0057251
0.0057642
0.0058041
0.0058448
0.0058864
0.0059287
0.0059718
0.0060158
0.0060605
0.0061061
0.0061525
0.0061997
0.0062476
0.0062964
0.006346
0.0063964
0.0064477
0.0064997
0.0065525
0.0066061
0.0066606
0.0067155
0.0067697
0.006823
0.0068754
0.0069269
0.0069775
0.0070272
0.007076
0.0071238
0.0071708
0.0072168
0.0072619
0.0073062
0.0073495
0.0073919
0.0074334
0.0074739
0.0075136
0.0075524
0.0075902
0.0076272
0.0076632
0.0076983
0.0077326
0.0077659
0.0077983
0.0078297
0.0078603
0.00789
0.0079187
0.0079466
0.0079735
0.0079996
0.0080247
0.0080489
0.0080722
0.0080946
0.0081161
0.0081366
0.0081563
0.0081751
0.0081929
0.0082098
0.0082259
0.008241
0.0082552
0.0082685
0.0082809
0.0082924
0.0083029
0.0083126
0.0083213
0.0083292
0.0083361
0.0083421
0.0083472
0.0083514
0.0083547
0.0083571
0.0083586
0.0083591
0.0083588
0.0083575
0.0083554
0.0083523
0.0083483
0.0083434
0.0083376
0.0083309
0.0083233
0.0083147
0.0083053
0.008295
0.0082837
0.0082715
0.0082584
0.0082445
0.0082296
0.0082137
0.008197
0.0081794
0.0081609
0.0081414
0.0081211
0.0080998
0.0080776
0.0080545
0.0080305
0.0080056
0.0079798
0.0079531
0.0079255
0.0078969
0.0078675
0.0078371
0.0078059
0.0077737
0.0077408
0.007707
0.0076724
0.007637
0.0076008
0.0075638
0.0075259
0.0074872
0.0074477
0.0074074
0.0073663
0.0073243
0.0072815
0.0072379
0.0071935
0.0071483
0.0071023
0.0070557
0.0070094
0.0069636
0.0069181
0.0068731
0.0068285
0.0067843
0.0067405
0.0066972
0.0066542
0.0066117
0.0065696
0.0065279
0.0064866
0.0064457
0.0064053
0.0063652
0.0063256
0.0062864
0.0062476
0.0062093
0.0061713
0.0061338
0.0060966
0.0060599
0.0060236
0.0059878
0.0059523
0.0059173
0.0058826
0.0058484
0.0058146
0.0057812
0.0057483
0.0057157
0.0056836
0.0056519
0.0056206
0.0055897
0.0055592
0.0055291
0.0054995
0.0054703
0.0054415
0.0054131
0.0053851
0.0053575
0.0053304
0.0053036
0.0052773
0.0052514
0.005226
0.0052009
0.0051762
0.005152
0.0051282
0.0051048
0.0050818
0.0050592
0.005037
0.0050153
0.004994
0.0049731
0.0049526
0.0049325
0.0049128
0.0048936
0.0048748
0.0048563
0.0048383
0.0048207
0.0048036
0.0047868
0.0047705
0.0047546
0.0047391
0.004724
0.0047093
0.004695
0.0046812
0.0046678
0.0046548
0.0046422
0.00463
0.0046182
0.0046069
0.0045959
0.0045854
0.0045753
0.0045656
0.0045564
0.0045475
0.0045391
0.004531
0.0045234
0.0045162
0.0045095
0.0045031
0.0044972
0.0044916
0.0044865
0.0044818
0.0044776
0.0044737
0.0044702
0.0044672
0.0044646
0.0044624
0.0044606
0.0044592
0.0044583
0.0044577
0.0044576
0.0044579
0.0044585
0.004459
0.0044595
0.00446
0.0044605
0.0044608
0.0044612
0.0044615
0.0044617
0.004462
0.0044621
0.0044623
0.0044624
0.0044624
0.0044624
0.0044624
0.0044623
0.0044621
0.004462
0.0044618
0.0044615
0.0044612
0.0044609
0.0044605
0.0044601
0.0044596
0.0044591
0.0044585
0.0044579
0.0044573
0.0044566
0.0044558
0.0044551
0.0044543
0.0044534
0.0044525
0.0044516
0.0044506
0.0044495
0.0044485
0.0044473
0.0044462
0.004445
0.0044437
0.0044424
0.0044411
0.0044397
0.0044383
0.0044369
0.0044354
0.0044338
0.0044322
0.0044306
0.0044289
0.0044272
0.0044254
0.0044236
0.0044218
0.0044199
0.0044179
0.004416
0.004414
0.0044119
0.0044098
0.0044076
0.0044054
0.0044032
0.0044009
0.0043986
0.0043962
0.0043938
0.0043914
0.0043889
0.0043864
0.0043838
0.0043812
0.0043785
0.0043758
0.004373
0.0043702
0.0043674
0.0043645
0.0043616
0.0043586
0.0043556
0.0043526
0.0043495
0.0043463
0.0043432
0.0043399
0.0043367
0.0043333
0.00433
0.0043266
0.0043232
0.0043197
0.0043162
0.0043126
0.004309
0.0043053
0.0043016
0.0042979
0.0042941
0.0042903
0.0042864
0.0042825
0.0042785
0.0042745
0.0042705
0.0042664
0.0042623
0.0042581
0.0042539
0.0042496
0.0042455
0.0042417
0.0042382
0.0042351
0.0042323
0.0042299
0.0042279
0.0042262
0.0042249
0.0042239
0.0042233
0.004223
0.0042231
0.0042236
0.0042244
0.0042256
0.0042271
0.004229
0.0042312
0.0042338
0.0042368
0.0042401
0.0042437
0.0042477
0.0042521
0.0042568
0.0042619
0.0042674
0.0042732
0.0042793
0.0042858
0.0042927
0.0042999
0.0043075
0.0043154
0.0043237
0.0043324
0.0043414
0.0043507
0.0043604
0.0043705
0.0043809
0.0043917
0.0044029
0.0044144
0.0044262
0.0044384
0.0044509
0.0044638
0.0044769
0.0044903
0.0045041
0.0045181
0.0045324
0.0045471
0.0045621
0.0045773
0.0045929
0.0046088
0.004625
0.0046415
0.0046583
0.0046754
0.0046928
0.0047105
0.0047285
0.0047468
0.0047654
0.0047844
0.0048036
0.0048232
0.004843
0.0048632
0.0048836
0.0049044
0.0049255
0.0049469
0.0049686
0.0049905
0.0050128
0.0050355
0.0050584
0.0050816
0.0051051
0.0051289
0.0051531
0.0051775
0.0052022
0.0052273
0.0052526
0.0052783
0.0053043
0.0053305
0.0053571
0.005384
0.0054112
0.0054387
0.0054665
0.0054946
0.005523
0.0055517
0.0055808
0.0056101
0.0056397
0.0056697
0.0056999
0.0057305
0.0057613
0.0057925
0.005824
0.0058557
0.0058878
0.0059202
0.0059529
0.0059855
0.0060177
0.0060494
0.0060805
0.0061112
0.0061413
0.0061709
0.0062
0.0062286
0.0062567
0.0062843
0.0063114
0.006338
0.006364
0.0063896
0.0064146
0.0064391
0.0064632
0.0064867
0.0065097
0.0065322
0.0065541
0.0065756
0.0065966
0.006617
0.006637
0.0066564
0.0066753
0.0066938
0.0067117
0.0067291
0.006746
0.0067623
0.0067782
0.0067936
0.0068084
0.0068227
0.0068366
0.0068499
0.0068627
0.006875
0.0068868
0.0068981
0.0069089
0.0069191
0.0069289
0.0069381
0.0069469
0.0069551
0.0069628
0.00697
0.0069767
0.0069829
0.0069886
0.0069938
0.0069984
0.0070026
0.0070062
0.0070093
0.007012
0.0070141
0.0070157
0.0070168
0.0070174
0.0070174
0.007017
0.0070161
0.0070146
0.0070127
0.0070102
0.0070072
0.0070037
0.0069997
0.0069952
0.0069902
0.0069847
0.0069786
0.0069721
0.006965
0.0069574
0.0069494
0.0069408
0.0069317
0.0069221
0.006912
0.0069014
0.0068902
0.0068786
0.0068664
0.0068538
0.0068406
0.0068269
0.0068127
0.006798
0.0067828
0.0067671
0.0067509
0.0067341
0.0067169
0.0066991
0.0066809
0.0066621
0.0066428
0.006623
0.0066027
0.0065819
0.0065606
0.0065388
0.0065164
0.0064936
0.0064702
0.0064463
0.006422
0.0063971
0.006372
0.0063471
0.0063224
0.0062979
0.0062736
0.0062494
0.0062254
0.0062016
0.006178
0.0061546
0.0061313
0.0061083
0.0060854
0.0060627
0.0060402
0.0060178
0.0059957
0.0059737
0.0059519
0.0059303
0.0059089
0.0058877
0.0058666
0.0058457
0.005825
0.0058045
0.0057842
0.005764
0.0057441
0.0057243
0.0057047
0.0056853
0.005666
0.005647
0.0056281
0.0056094
0.0055909
0.0055726
0.0055544
0.0055365
0.0055187
0.0055011
0.0054837
0.0054664
0.0054494
0.0054325
0.0054158
0.0053993
0.005383
0.0053669
0.0053509
0.0053352
0.0053196
0.0053042
0.0052889
0.0052739
0.005259
0.0052444
0.0052299
0.0052155
0.0052014
0.0051875
0.0051737
0.0051601
0.0051467
0.0051335
0.0051205
0.0051076
0.0050949
0.0050824
0.0050701
0.005058
0.0050461
0.0050343
0.0050227
0.0050113
0.0050001
0.0049891
0.0049782
0.0049676
0.0049571
0.0049468
0.0049366
0.0049267
0.004917
0.0049074
0.004898
0.0048888
0.0048798
0.0048709
0.0048622
0.0048538
0.0048455
0.0048374
0.0048294
0.0048217
0.0048141
0.0048067
0.0047995
0.0047925
0.0047857
0.004779
0.0047725
0.0047662
0.0047601
0.0047542
0.0047485
0.0047429
0.0047375
0.0047323
0.0047273
0.0047225
0.0047179
0.0047135
0.0047093
0.0047055
0.0047019
0.0046987
0.0046957
0.0046931
0.0046907
0.0046886
0.0046869
0.0046854
0.0046843
0.0046834
0.0046829
0.0046826
0.0046827
0.004683
0.0046836
0.0046846
0.0046858
0.0046874
0.0046892
0.0046914
0.0046938
0.0046966
0.0046996
0.0047029
0.0047066
0.0047105
0.0047148
0.0047193
0.0047242
0.0047293
0.0047348
0.0047405
0.0047466
0.0047529
0.0047595
0.0047665
0.0047737
0.0047813
0.0047891
0.0047973
0.0048057
0.0048145
0.0048235
0.0048328
0.0048425
0.0048524
0.0048627
0.0048732
0.0048841
0.0048952
0.0049067
0.0049184
0.0049305
0.0049428
0.0049554
0.0049684
0.0049816
0.0049952
0.005009
0.0050232
0.0050376
0.0050524
0.0050674
0.0050828
0.0050984
0.0051143
0.0051306
0.0051471
0.005164
0.0051811
0.0051986
0.0052163
0.0052344
0.0052527
0.0052714
0.0052903
0.0053095
0.0053291
0.0053489
0.0053691
0.0053895
0.0054103
0.0054313
0.0054527
0.0054743
0.0054963
0.0055185
0.005541
0.0055639
0.005587
0.0056105
0.0056342
0.0056583
0.0056826
0.0057073
0.0057322
0.0057575
0.005783
0.0058088
0.005835
0.0058614
0.0058882
0.0059152
0.0059426
0.0059702
0.0059982
0.0060264
0.006055
0.0060838
0.0061129
0.0061424
0.0061721
0.0062015
0.0062301
0.0062581
0.0062853
0.0063118
0.0063375
0.0063626
0.0063869
0.0064104
0.0064333
0.0064554
0.0064768
0.0064974
0.0065174
0.0065366
0.006555
0.0065728
0.0065898
0.0066061
0.0066216
0.0066365
0.0066506
0.006664
0.0066766
0.0066885
0.0066997
0.0067102
0.0067199
0.0067289
0.0067372
0.0067448
0.0067516
0.0067577
0.006763
0.0067677
0.0067716
0.0067748
0.0067772
0.006779
0.00678
0.0067802
0.0067798
0.0067786
0.0067767
0.006774
0.0067707
0.0067666
0.0067617
0.0067562
0.0067499
0.0067429
0.0067351
0.0067267
0.0067175
0.0067076
0.0066969
0.0066855
0.0066734
0.0066606
0.006647
0.0066327
0.0066177
0.006602
0.0065855
0.0065683
0.0065503
0.0065317
0.0065123
0.0064922
0.0064713
0.0064497
0.0064274
0.0064044
0.0063807
0.0063562
0.006331
0.006305
0.0062783
0.0062509
0.0062228
0.006194
0.0061644
0.0061341
0.006103
0.0060713
0.0060388
0.0060055
0.0059716
0.0059369
0.0059015
0.0058654
0.0058285
0.0057909
0.0057526
0.0057135
0.0056738
0.0056333
0.005592
0.0055501
0.0055074
0.0054639
0.0054198
0.0053749
0.0053293
0.005283
0.0052359
0.0051881
0.0051396
0.0050904
0.0050404
0.0049897
0.0049383
0.0048861
0.0048333
0.0047807
0.0047286
0.0046771
0.0046263
0.004576
0.0045263
0.0044772
0.0044287
0.0043808
0.0043335
0.0042868
0.0042407
0.0041952
0.0041503
0.004106
0.0040623
0.0040191
0.0039766
0.0039347
0.0038934
0.0038526
0.0038125
0.003773
0.003734
0.0036957
0.0036579
0.0036208
0.0035842
0.0035482
0.0035129
0.0034781
0.0034439
0.0034104
0.0033774
0.003345
0.0033132
0.003282
0.0032514
0.0032214
0.003192
0.0031632
0.003135
0.0031074
0.0030804
0.003054
0.0030282
0.003003
0.0029783
0.0029543
0.0029309
0.002908
0.0028858
0.0028642
0.0028431
0.0028227
0.0028028
0.0027835
0.0027649
0.0027468
0.0027294
0.0027125
0.0026963
0.0026806
0.0026656
0.0026513
0.0026375
0.0026243
0.0026118
0.0025999
0.0025885
0.0025779
0.0025678
0.0025583
0.0025495
0.0025412
0.0025336
0.0025266
0.0025202
0.0025145
0.0025093
0.0025048
0.0025009
0.0024976
0.0024949
0.0024928
0.0024914
0.0024905
0.0024903
0.0024907
0.0024917
0.0024933
0.0024956
0.0024984
0.0025019
0.002506
0.0025107
0.002516
0.002522
0.0025285
0.0025357
0.0025435
0.0025519
0.0025609
0.0025705
0.0025808
0.0025916
0.0026031
0.0026152
0.0026279
0.0026413
0.0026552
0.0026698
0.0026849
0.0027007
0.0027166
0.0027325
0.0027484
0.0027643
0.0027801
0.002796
0.0028118
0.0028277
0.0028435
0.0028593
0.0028751
0.0028909
0.0029067
0.0029225
0.0029382
0.002954
0.0029697
0.0029854
0.0030012
0.0030169
0.0030326
0.0030483
0.0030639
0.0030796
0.0030953
0.0031109
0.0031265
0.0031421
0.0031578
0.0031734
0.003189
0.0032045
0.0032201
0.0032357
0.0032512
0.0032667
0.0032823
0.0032978
0.0033133
0.0033288
0.0033443
0.0033597
0.0033752
0.0033906
0.0034061
0.0034215
0.0034369
0.0034523
0.0034677
0.0034831
0.0034985
0.0035139
0.0035292
0.0035446
0.0035599
0.0035752
0.0035905
0.0036058
0.0036211
0.0036364
0.0036517
0.0036669
0.0036822
0.0036974
0.0037126
0.0037278
0.003743
0.0037582
0.0037734
0.0037886
0.0038037
0.0038189
0.003834
0.0038492
0.0038643
0.0038794
0.0038945
0.0039096
0.0039246
0.0039397
0.0039548
0.0039698
0.0039848
0.0039999
0.0040149
0.0040299
0.0040449
0.0040598
0.0040748
0.0040898
0.0041047
0.0041197
0.0041346
0.0041495
0.0041644
0.0041793
0.0041942
0.004209
0.0042239
0.0042388
0.0042536
0.0042684
0.0042832
0.004298
0.0043128
0.0043276
0.0043424
0.0043572
0.0043719
0.0043867
0.0044014
0.0044161
0.0044308
0.0044455
0.0044602
0.0044748
0.0044894
0.0045039
0.0045184
0.0045328
0.0045472
0.0045615
0.0045758
0.0045901
0.0046043
0.0046185
0.0046326
0.0046467
0.0046607
0.0046747
0.0046887
0.0047026
0.0047164
0.0047302
0.004744
0.0047577
0.0047714
0.004785
0.0047986
0.0048121
0.0048256
0.0048391
0.0048525
0.0048659
0.0048792
0.0048925
0.0049057
0.0049189
0.004932
0.0049451
0.0049582
0.0049712
0.0049841
0.004997
0.0050099
0.0050227
0.0050355
0.0050483
0.005061
0.0050736
0.0050862
0.0050988
0.0051113
0.0051237
0.0051362
0.0051486
0.0051609
0.0051732
0.0051854
0.0051976
0.0052098
0.0052219
0.005234
0.005246
0.005258
0.0052699
0.0052818
0.0052936
0.0053054
0.0053172
0.0053289
0.0053406
0.0053522
0.0053638
0.0053753
0.0053868
0.0053982
0.0054096
0.005421
0.0054323
0.0054435
0.0054548
0.0054659
0.0054771
0.0054881
0.0054992
0.0055102
0.0055211
0.005532
0.0055429
0.0055537
0.0055645
0.0055752
0.0055859
0.0055965
0.0056071
0.0056177
0.0056282
0.0056386
0.005649
0.0056594
0.0056697
0.00568
0.0056902
0.0057004
0.0057106
0.0057207
0.0057307
0.0057408
0.0057507
0.0057606
0.0057705
0.0057804
0.0057901
0.0057999
0.0058096
0.0058192
0.0058289
0.0058386
0.0058483
0.0058582
0.0058681
0.0058782
0.0058883
0.0058985
0.0059088
0.0059192
0.0059297
0.0059402
0.0059508
0.0059614
0.0059722
0.0059829
0.0059938
0.0060047
0.0060157
0.0060267
0.0060378
0.006049
0.0060602
0.0060715
0.0060828
0.0060943
0.0061057
0.0061173
0.0061289
0.0061406
0.0061523
0.0061641
0.0061759
0.0061879
0.0061998
0.0062119
0.006224
0.0062362
0.0062484
0.0062607
0.0062731
0.0062855
0.006298
0.0063106
0.0063232
0.0063359
0.0063486
0.0063614
0.0063743
0.0063872
0.0064002
0.0064133
0.0064264
0.0064396
0.0064529
0.0064662
0.0064796
0.006493
0.0065065
0.0065201
0.0065337
0.0065474
0.0065612
0.006575
0.0065889
0.0066028
0.0066168
0.0066309
0.006645
0.0066592
0.0066735
0.0066878
0.0067022
0.0067167
0.0067312
0.0067458
0.0067604
0.0067751
0.0067899
0.0068047
0.0068196
0.0068346
0.0068496
0.0068647
0.0068799
0.0068951
0.0069103
0.0069257
0.0069411
0.0069566
0.0069721
0.0069877
0.0070033
0.0070191
0.0070348
0.0070507
0.0070666
0.0070826
0.0070986
0.0071147
0.0071309
0.0071471
0.0071634
0.0071798
0.0071962
0.0072127
0.0072292
0.0072458
0.0072625
0.0072792
0.007296
0.0073129
0.0073298
0.0073468
0.0073637
0.0073802
0.0073961
0.0074114
0.0074262
0.0074403
0.007454
0.007467
0.0074795
0.0074914
0.0075028
0.0075136
0.0075238
0.0075335
0.0075426
0.0075511
0.007559
0.0075664
0.0075732
0.0075795
0.0075852
0.0075903
0.0075948
0.0075988
0.0076022
0.0076051
0.0076074
0.0076091
0.0076102
0.0076108
0.0076108
0.0076103
0.0076092
0.0076075
0.0076052
0.0076024
0.007599
0.0075951
0.0075905
0.0075854
0.0075798
0.0075736
0.0075668
0.0075594
0.0075515
0.007543
0.0075339
0.0075243
0.0075141
0.0075034
0.007492
0.0074801
0.0074677
0.0074547
0.0074411
0.0074269
0.0074122
0.0073969
0.007381
0.0073646
0.0073476
0.00733
0.0073119
0.0072932
0.0072739
0.0072541
0.0072337
0.0072127
0.0071912
0.0071691
0.0071464
0.0071232
0.0070994
0.007075
0.0070501
0.0070246
0.0069985
0.0069719
0.0069447
0.0069169
0.0068885
0.0068596
0.0068302
0.0068001
0.0067695
0.0067383
0.0067066
0.0066743
0.0066414
0.006608
0.006574
0.0065394
0.0065042
0.0064685
0.0064323
0.0063954
0.006358
0.00632
0.0062815
0.0062424
0.0062027
0.0061624
0.0061216
0.0060802
0.0060383
0.0059958
0.0059527
0.005909
0.0058648
0.00582
0.0057747
0.0057288
0.0056823
0.0056352
0.0055879
0.0055414
0.0054958
0.005451
0.0054072
0.0053643
0.0053223
0.0052812
0.005241
0.0052017
0.0051633
0.0051258
0.0050892
0.0050535
0.0050187
0.0049848
0.0049519
0.0049198
0.0048886
0.0048584
0.004829
0.0048006
0.0047731
0.0047464
0.0047207
0.0046959
0.0046719
0.0046489
0.0046268
0.0046056
0.0045853
0.0045659
0.0045474
0.0045298
0.0045131
0.0044974
0.0044825
0.0044685
0.0044554
0.0044433
0.004432
0.0044217
0.0044122
0.0044037
0.004396
0.0043893
0.0043835
0.0043786
0.0043745
0.0043714
0.0043692
0.0043679
0.0043675
0.004368
0.0043694
0.0043718
0.004375
0.0043791
0.0043841
0.0043901
0.0043969
0.0044046
0.0044133
0.0044228
0.0044333
0.0044447
0.0044569
0.0044701
0.0044842
0.0044992
0.004515
0.0045318
0.0045495
0.0045681
0.0045876
0.004608
0.0046294
0.0046515
0.0046746
0.0046986
0.0047234
0.0047492
0.0047758
0.0048033
0.0048317
0.0048609
0.0048911
0.0049222
0.0049541
0.0049869
0.0050206
0.0050552
0.0050907
0.0051271
0.0051643
0.0052025
0.0052415
0.0052814
0.0053222
0.0053639
0.0054065
0.0054499
0.0054942
0.0055395
0.0055856
0.0056326
0.0056805
0.0057293
0.0057789
0.0058295
0.0058809
0.0059332
0.0059864
0.0060405
0.006095
0.0061489
0.0062019
0.0062542
0.0063057
0.0063564
0.0064063
0.0064555
0.0065038
0.0065514
0.0065981
0.0066441
0.0066893
0.0067337
0.0067773
0.0068202
0.0068622
0.0069035
0.0069439
0.0069836
0.0070225
0.0070606
0.007098
0.0071345
0.0071702
0.0072052
0.0072394
0.0072728
0.0073054
0.0073372
0.0073682
0.0073984
0.0074279
0.0074565
0.0074844
0.0075115
0.0075378
0.0075633
0.007588
0.007612
0.0076351
0.0076575
0.0076791
0.0076999
0.0077199
0.0077391
0.0077575
0.0077752
0.007792
0.0078081
0.0078234
0.0078378
0.0078515
0.0078645
0.0078766
0.0078879
0.0078985
0.0079083
0.0079172
0.0079254
0.0079328
0.0079395
0.0079453
0.0079503
0.0079546
0.0079581
0.0079607
0.0079626
0.0079637
0.0079641
0.0079636
0.0079623
0.0079603
0.0079575
0.0079539
0.0079494
0.0079443
0.0079383
0.0079315
0.007924
0.0079156
0.0079065
0.0078966
0.0078859
0.0078744
0.0078621
0.0078491
0.0078352
0.0078206
0.0078051
0.0077889
0.0077719
0.0077541
0.0077356
0.0077162
0.0076961
0.0076751
0.0076534
0.0076309
0.0076076
0.0075835
0.0075586
0.007533
0.0075065
0.0074793
0.0074513
0.0074225
0.0073929
0.0073625
0.0073313
0.0072993
0.0072666
0.0072331
0.0071987
0.0071641
0.0071297
0.0070958
0.0070624
0.0070293
0.0069968
0.0069646
0.0069329
0.0069016
0.0068707
0.0068403
0.0068103
0.0067808
0.0067517
0.006723
0.0066947
0.0066669
0.0066395
0.0066126
0.0065861
0.00656
0.0065344
0.0065091
0.0064844
0.00646
0.0064361
0.0064127
0.0063896
0.006367
0.0063449
0.0063231
0.0063018
0.006281
0.0062605
0.0062405
0.006221
0.0062018
0.0061832
0.0061649
0.0061471
0.0061297
0.0061127
0.0060962
0.0060801
0.0060645
0.0060493
0.0060345
0.0060201
0.0060062
0.0059927
0.0059797
0.0059671
0.0059549
0.0059432
0.0059319
0.005921
0.0059105
0.0059005
0.005891
0.0058818
0.0058731
0.0058649
0.005857
0.0058496
0.0058427
0.0058361
0.00583
0.0058244
0.0058192
0.0058144
0.00581
0.0058061
0.0058026
0.0057995
0.0057969
0.0057947
0.005793
0.0057917
0.0057908
0.0057903
0.0057903
0.0057908
0.0057916
0.0057929
0.0057946
0.0057968
0.0057994
0.0058024
0.0058059
0.0058098
0.0058141
0.0058189
0.0058241
0.0058297
0.0058358
0.0058423
0.0058492
0.0058566
0.0058644
0.0058726
0.0058813
0.0058904
0.0058999
0.0059099
0.0059203
0.0059312
0.0059425
0.0059542
0.0059663
0.0059789
0.0059919
0.0060054
0.0060193
0.0060336
0.006048
0.0060622
0.006076
0.0060894
0.0061026
0.0061153
0.0061278
0.0061399
0.0061517
0.0061631
0.0061742
0.006185
0.0061954
0.0062055
0.0062152
0.0062246
0.0062337
0.0062425
0.0062509
0.0062589
0.0062666
0.006274
0.0062811
0.0062878
0.0062941
0.0063002
0.0063059
0.0063112
0.0063162
0.0063209
0.0063253
0.0063293
0.006333
0.0063364
0.0063395
0.0063424
0.006345
0.0063473
0.0063493
0.0063511
0.0063526
0.0063538
0.0063548
0.0063555
0.0063559
0.0063561
0.0063559
0.0063555
0.0063549
0.0063539
0.0063527
0.0063513
0.0063495
0.0063475
0.0063452
0.0063426
0.0063398
0.0063367
0.0063333
0.0063297
0.0063258
0.0063216
0.0063171
0.0063124
0.0063074
0.0063021
0.0062965
0.0062907
0.0062846
0.0062783
0.0062716
0.0062647
0.0062576
0.0062501
0.0062424
0.0062344
0.0062262
0.0062176
0.0062088
0.0061997
0.0061904
0.0061808
0.0061709
0.0061607
0.0061503
0.0061396
0.0061286
0.0061174
0.0061059
0.0060941
0.006082
0.0060697
0.0060571
0.0060442
0.0060311
0.0060177
0.006004
0.0059901
0.0059758
0.0059613
0.0059466
0.0059315
0.0059162
0.0059006
0.0058848
0.0058686
0.0058523
0.0058356
0.0058186
0.0058014
0.005784
0.0057662
0.0057482
0.0057299
0.0057116
0.0056936
0.005676
0.0056586
0.0056416
0.005625
0.0056086
0.0055926
0.0055769
0.0055615
0.0055465
0.0055318
0.0055174
0.0055033
0.0054895
0.0054761
0.005463
0.0054503
0.0054378
0.0054257
0.0054139
0.0054024
0.0053913
0.0053805
0.00537
0.0053598
0.00535
0.0053405
0.0053313
0.0053224
0.0053139
0.0053056
0.0052978
0.0052902
0.005283
0.005276
0.0052695
0.0052632
0.0052573
0.0052516
0.0052464
0.0052414
0.0052368
0.0052325
0.0052285
0.0052248
0.0052215
0.0052185
0.0052158
0.0052134
0.0052114
0.0052097
0.0052083
0.0052073
0.0052065
0.0052061
0.0052061
0.0052063
0.0052069
0.0052078
0.005209
0.0052105
0.0052124
0.0052146
0.0052171
0.00522
0.0052232
0.0052267
0.0052305
0.0052346
0.0052391
0.0052439
0.0052491
0.0052545
0.0052603
0.0052664
0.0052728
0.0052796
0.0052867
0.0052941
0.0053018
0.0053099
0.0053182
0.0053269
0.005336
0.0053453
0.005355
0.005365
0.0053754
0.005386
0.005397
0.0054083
0.00542
0.0054319
0.0054442
0.0054568
0.0054698
0.005483
0.0054966
0.0055105
0.0055248
0.0055393
0.0055542
0.0055694
0.005585
0.0056009
0.005617
0.0056336
0.0056504
0.0056676
0.0056851
0.0057029
0.005721
0.0057395
0.0057582
0.0057772
0.0057963
0.0058156
0.0058351
0.0058549
0.0058748
0.0058949
0.0059152
0.0059358
0.0059565
0.0059774
0.0059985
0.0060198
0.0060413
0.006063
0.006085
0.0061071
0.0061294
0.0061519
0.0061746
0.0061975
0.0062206
0.0062439
0.0062674
0.0062911
0.006315
0.0063391
0.0063634
0.0063879
0.0064126
0.0064375
0.0064626
0.0064879
0.0065133
0.006539
0.0065649
0.006591
0.0066173
0.0066438
0.0066705
0.0066973
0.0067244
0.0067517
0.0067792
0.0068069
0.0068347
0.0068628
0.0068911
0.0069196
0.0069482
0.0069771
0.0070062
0.0070354
0.0070649
0.0070946
0.0071244
0.0071545
0.0071848
0.0072152
0.0072459
0.0072767
0.0073078
0.007339
0.0073705
0.0074021
0.007434
0.007466
0.0074983
0.0075307
0.0075634
0.0075962
0.0076293
0.0076625
0.007696
0.0077296
0.0077635
0.0077975
0.0078317
0.0078662
0.0079008
0.0079356
0.0079707
0.0080059
0.0080413
0.008077
0.0081128
0.0081488
0.008185
0.0082215
0.0082581
0.0082949
0.0083319
0.0083692
0.0084066
0.0084442
0.008482
0.00852
0.0085582
0.0085967
0.0086353
0.0086741
0.0087131
0.0087523
0.0087915
0.008831
0.0088705
0.0089102
0.00895
0.0089899
0.0090299
0.0090701
0.0091104
0.0091508
0.0091908
0.0092301
0.0092687
0.0093065
0.0093436
0.00938
0.0094156
0.0094505
0.0094847
0.0095182
0.0095509
0.0095829
0.0096141
0.0096447
0.0096745
0.0097035
0.0097319
0.0097595
0.0097863
0.0098125
0.0098379
0.0098626
0.0098865
0.0099098
0.0099323
0.009954
0.009975
0.0099953
0.010015
0.010034
0.010052
0.010069
0.010086
0.010102
0.010117
0.010131
0.010145
0.010158
0.01017
0.010182
0.010193
0.010203
0.010212
0.010221
0.010229
0.010236
0.010242
0.010248
0.010253
0.010257
0.010261
0.010263
0.010265
0.010267
0.010267
0.010267
0.010266
0.010265
0.010262
0.010259
0.010255
0.010251
0.010246
0.01024
0.010233
0.010225
0.010217
0.010208
0.010199
0.010188
0.010177
0.010165
0.010153
0.010139
0.010125
0.010111
0.010095
0.010079
0.010062
0.010044
0.010026
0.010007
0.0099867
0.0099661
0.0099447
0.0099226
0.0098998
0.0098763
0.009852
0.009827
0.0098013
0.0097748
0.0097477
0.0097197
0.0096911
0.0096617
0.0096316
0.0096007
0.0095692
0.0095369
0.0095038
0.0094701
0.0094356
0.0094003
0.0093644
0.0093277
0.0092903
0.0092521
0.0092132
0.0091736
0.0091333
0.0090922
0.0090504
0.009008
0.0089657
0.0089241
0.0088831
0.0088429
0.0088033
0.0087645
0.0087263
0.0086888
0.008652
0.0086158
0.0085804
0.0085456
0.0085116
0.0084782
0.0084455
0.0084134
0.0083821
0.0083515
0.0083215
0.0082922
0.0082636
0.0082357
0.0082085
0.0081819
0.0081561
0.0081309
0.0081064
0.0080826
0.0080595
0.0080371
0.0080153
0.0079943
0.0079739
0.0079542
0.0079352
0.0079169
0.0078992
0.0078823
0.007866
0.0078504
0.0078355
0.0078213
0.0078078
0.0077949
0.0077828
0.0077713
0.0077605
0.0077504
0.007741
0.0077323
0.0077242
0.0077169
0.0077102
0.0077042
0.0076989
0.0076942
0.0076903
0.007687
0.0076845
0.0076826
0.0076814
0.0076809
0.007681
0.0076819
0.0076834
0.0076857
0.0076886
0.0076922
0.0076964
0.0077014
0.0077071
0.0077134
0.0077204
0.0077281
0.0077365
0.0077456
0.0077553
0.0077658
0.0077769
0.0077887
0.0078012
0.0078144
0.0078283
0.0078428
0.0078581
0.007874
0.0078906
0.0079079
0.0079259
0.0079445
0.0079639
0.0079839
0.0080046
0.008026
0.0080481
0.0080709
0.0080943
0.0081185
0.0081433
0.0081688
0.008195
0.0082219
0.0082494
0.0082777
0.0083066
0.0083362
0.0083665
0.0083975
0.0084292
0.0084616
0.0084946
0.0085283
0.0085628
0.0085978
0.0086327
0.0086672
0.0087013
0.008735
0.0087682
0.008801
0.0088334
0.0088654
0.0088969
0.008928
0.0089587
0.008989
0.0090188
0.0090482
0.0090772
0.0091058
0.009134
0.0091617
0.009189
0.0092159
0.0092423
0.0092684
0.009294
0.0093191
0.0093439
0.0093682
0.0093921
0.0094156
0.0094387
0.0094613
0.0094835
0.0095053
0.0095267
0.0095476
0.0095681
0.0095882
0.0096079
0.0096271
0.009646
0.0096644
0.0096823
0.0096999
0.009717
0.0097337
0.00975
0.0097658
0.0097813
0.0097963
0.0098108
0.009825
0.0098387
0.009852
0.0098649
0.0098774
0.0098894
0.009901
0.0099122
0.009923
0.0099333
0.0099432
0.0099528
0.0099619
0.0099706
0.009979
0.0099869
0.0099945
0.010002
0.010008
0.010015
0.010021
0.010026
0.010032
0.010037
0.010041
0.010045
0.010049
0.010052
0.010055
0.010057
0.010059
0.010061
0.010062
0.010063
0.010064
0.010064
0.010064
0.010063
0.010062
0.010061
0.010059
0.010057
0.010054
0.010051
0.010048
0.010044
0.01004
0.010035
0.01003
0.010025
0.010019
0.010013
0.010007
0.0099998
0.0099925
0.0099849
0.0099768
0.0099683
0.0099595
0.0099503
0.0099406
0.0099306
0.0099202
0.0099094
0.0098983
0.009887
0.0098757
0.0098644
0.0098531
0.0098418
0.0098304
0.0098191
0.0098077
0.0097963
0.0097849
0.0097734
0.009762
0.0097505
0.0097391
0.0097276
0.0097161
0.0097045
0.009693
0.0096814
0.0096699
0.0096583
0.0096467
0.009635
0.0096234
0.0096117
0.0096001
0.0095884
0.0095767
0.0095649
0.0095532
0.0095414
0.0095297
0.0095179
0.0095061
0.0094942
0.0094824
0.0094705
0.0094587
0.0094468
0.0094349
0.009423
0.009411
0.0093991
0.0093871
0.0093751
0.0093631
0.0093511
0.009339
0.009327
0.0093149
0.0093028
0.0092907
0.0092786
0.0092665
0.0092543
0.0092422
0.00923
0.0092178
0.0092056
0.0091933
0.0091811
0.0091688
0.0091565
0.0091442
0.0091319
0.0091196
0.0091072
0.0090949
0.0090825
0.0090701
0.0090577
0.0090452
0.0090328
0.0090203
0.0090079
0.0089954
0.0089828
0.0089703
0.0089578
0.0089452
0.0089326
0.00892
0.0089074
0.0088948
0.0088821
0.0088695
0.0088568
0.0088441
0.0088314
0.0088187
0.0088059
0.0087932
0.0087804
0.0087676
0.0087548
0.008742
0.0087291
0.0087163
0.0087034
0.0086905
0.0086776
0.0086647
0.0086517
0.0086388
0.0086258
0.0086128
0.0085998
0.0085868
0.0085737
0.0085607
0.0085476
0.0085345
0.0085214
0.0085083
0.0084954
0.0084828
0.0084703
0.0084581
0.0084461
0.0084343
0.0084228
0.0084115
0.0084004
0.0083895
0.0083789
0.0083685
0.0083583
0.0083484
0.0083387
0.0083292
0.00832
0.0083109
0.0083022
0.0082936
0.0082853
0.0082771
0.0082693
0.0082616
0.0082542
0.008247
0.00824
0.0082333
0.0082268
0.0082205
0.0082145
0.0082086
0.008203
0.0081977
0.0081925
0.0081876
0.008183
0.0081785
0.0081743
0.0081703
0.0081665
0.008163
0.0081597
0.0081566
0.0081538
0.0081511
0.0081487
0.0081466
0.0081446
0.0081429
0.0081415
0.0081402
0.0081392
0.0081384
0.0081378
0.0081375
0.0081374
0.0081375
0.0081379
0.0081385
0.0081393
0.0081403
0.0081416
0.0081431
0.0081448
0.0081467
0.0081489
0.0081513
0.008154
0.0081568
0.0081599
0.0081633
0.0081668
0.0081706
0.0081746
0.0081788
0.0081833
0.008188
0.0081929
0.0081981
0.0082035
0.0082091
0.0082149
0.008221
0.0082273
0.0082338
0.0082406
0.0082475
0.0082547
0.0082622
0.0082699
0.0082778
0.0082859
0.0082942
0.0083028
0.0083116
0.0083207
0.0083299
0.0083394
0.0083492
0.0083591
0.0083693
0.0083797
0.0083904
0.0084012
0.0084123
0.0084236
0.0084352
0.008447
0.008459
0.0084712
0.0084837
0.0084964
0.0085093
0.0085221
0.0085349
0.0085475
0.0085601
0.0085725
0.0085849
0.0085972
0.0086094
0.0086215
0.0086335
0.0086454
0.0086572
0.008669
0.0086806
0.0086922
0.0087036
0.008715
0.0087263
0.0087374
0.0087485
0.0087594
0.0087702
0.008781
0.0087916
0.0088021
0.0088125
0.0088229
0.0088331
0.0088432
0.0088532
0.0088631
0.0088728
0.0088825
0.0088921
0.0089016
0.0089109
0.0089202
0.0089293
0.0089384
0.0089473
0.0089562
0.0089649
0.0089735
0.008982
0.0089905
0.0089988
0.009007
0.0090151
0.0090231
0.0090309
0.0090387
0.0090464
0.009054
0.0090614
0.0090688
0.0090761
0.0090832
0.0090903
0.0090972
0.009104
0.0091108
0.0091174
0.0091239
0.0091303
0.0091366
0.0091428
0.0091489
0.0091549
0.0091608
0.0091666
0.0091723
0.0091778
0.0091833
0.0091887
0.0091939
0.0091991
0.0092041
0.0092091
0.0092139
0.0092186
0.0092232
0.0092278
0.0092322
0.0092365
0.0092407
0.0092448
0.0092488
0.0092527
0.0092564
0.0092601
0.0092637
0.0092671
0.0092705
0.0092738
0.0092769
0.0092799
0.0092829
0.0092857
0.0092884
0.0092911
0.0092936
0.009296
0.0092983
0.0093005
0.0093026
0.0093046
0.0093065
0.0093082
0.0093099
0.0093115
0.0093129
0.0093143
0.0093155
0.0093167
0.0093179
0.0093192
0.0093205
0.0093219
0.0093233
0.0093247
0.0093262
0.0093278
0.0093294
0.0093311
0.0093328
0.0093345
0.0093363
0.0093382
0.0093401
0.009342
0.009344
0.0093461
0.0093482
0.0093503
0.0093526
0.0093548
0.0093571
0.0093595
0.0093619
0.0093643
0.0093668
0.0093693
0.0093719
0.0093746
0.0093773
0.00938
0.0093828
0.0093857
0.0093886
0.0093915
0.0093945
0.0093976
0.0094007
0.0094038
0.009407
0.0094102
0.0094135
0.0094169
0.0094203
0.0094237
0.0094272
0.0094307
0.0094343
0.009438
0.0094416
0.0094454
0.0094492
0.009453
0.0094569
0.0094608
0.0094648
0.0094689
0.0094729
0.0094771
0.0094813
0.0094855
0.0094898
0.0094941
0.0094985
0.0095029
0.0095074
0.0095119
0.0095165
0.0095212
0.0095258
0.0095306
0.0095353
0.0095402
0.009545
0.00955
0.009555
0.00956
0.0095651
0.0095702
0.0095754
0.0095806
0.0095859
0.0095912
0.0095966
0.009602
0.0096075
0.009613
0.0096185
0.0096242
0.0096298
0.0096356
0.0096413
0.0096472
0.009653
0.0096589
0.0096649
0.0096709
0.009677
0.0096831
0.0096893
0.0096955
0.0097018
0.0097081
0.0097144
0.0097209
0.0097273
0.0097338
0.0097404
0.009747
0.0097537
0.0097604
0.0097672
0.0097739
0.0097804
0.0097865
0.0097925
0.0097981
0.0098034
0.0098085
0.0098133
0.0098178
0.009822
0.0098259
0.0098296
0.009833
0.0098361
0.0098389
0.0098414
0.0098437
0.0098456
0.0098473
0.0098487
0.0098498
0.0098507
0.0098512
0.0098515
0.0098515
0.0098512
0.0098507
0.0098498
0.0098487
0.0098473
0.0098456
0.0098436
0.0098414
0.0098388
0.009836
0.0098329
0.0098295
0.0098259
0.0098219
0.0098177
0.0098132
0.0098084
0.0098033
0.009798
0.0097923
0.0097864
0.0097802
0.0097737
0.009767
0.0097599
0.0097526
0.009745
0.0097371
0.0097289
0.0097205
0.0097117
0.0097027
0.0096934
0.0096839
0.009674
0.0096639
0.0096534
0.0096427
0.0096318
0.0096205
0.0096089
0.0095971
0.009585
0.0095726
0.0095599
0.009547
0.0095337
0.0095202
0.0095064
0.0094923
0.009478
0.0094633
0.0094484
0.0094332
0.0094177
0.0094019
0.0093859
0.0093695
0.0093529
0.009336
0.0093188
0.0093014
0.0092836
0.0092656
0.0092473
0.0092288
0.00921
0.009191
0.0091716
0.009152
0.0091322
0.0091121
0.0090917
0.0090711
0.0090502
0.009029
0.0090076
0.0089859
0.008964
0.0089417
0.0089193
0.0088965
0.0088735
0.0088503
0.0088267
0.0088029
0.0087789
0.0087546
0.00873
0.0087053
0.0086806
0.008656
0.0086314
0.008607
0.0085826
0.0085582
0.008534
0.0085098
0.0084857
0.0084616
0.0084376
0.0084137
0.0083899
0.0083661
0.0083424
0.0083188
0.0082952
0.0082718
0.0082483
0.008225
0.0082017
0.0081785
0.0081554
0.0081323
0.0081094
0.0080864
0.0080636
0.0080408
0.0080181
0.0079955
0.0079729
0.0079504
0.007928
0.0079057
0.0078834
0.0078612
0.007839
0.007817
0.007795
0.007773
0.0077512
0.0077294
0.0077077
0.007686
0.0076645
0.007643
0.0076215
0.0076002
0.0075789
0.0075577
0.0075365
0.0075154
0.0074944
0.0074735
0.0074526
0.0074318
0.0074111
0.0073904
0.0073699
0.0073493
0.0073289
0.0073085
0.0072882
0.007268
0.0072478
0.0072278
0.0072077
0.0071878
0.0071679
0.0071481
0.0071284
0.0071087
0.0070891
0.0070696
0.0070502
0.0070308
0.0070115
0.0069922
0.0069731
0.006954
0.0069349
0.006916
0.0068971
0.0068783
0.0068595
0.0068409
0.0068223
0.0068037
0.0067853
0.0067669
0.0067486
0.0067303
0.0067121
0.006694
0.006676
0.006658
0.0066401
0.0066223
0.0066045
0.0065869
0.0065692
0.0065517
0.0065342
0.0065168
0.0064995
0.0064822
0.0064651
0.0064479
0.0064309
0.0064139
0.006397
0.0063802
0.0063634
0.0063469
0.0063311
0.0063158
0.0063012
0.0062872
0.0062738
0.0062611
0.006249
0.0062375
0.0062267
0.0062164
0.0062069
0.0061979
0.0061896
0.0061819
0.0061748
0.0061683
0.0061625
0.0061573
0.0061528
0.0061488
0.0061455
0.0061429
0.0061408
0.0061394
0.0061386
0.0061384
0.0061389
0.00614
0.0061417
0.0061441
0.0061471
0.0061507
0.0061549
0.0061598
0.0061653
0.0061714
0.0061782
0.0061856
0.0061936
0.0062022
0.0062115
0.0062214
0.0062319
0.0062431
0.0062549
0.0062673
0.0062803
0.006294
0.0063083
0.0063232
0.0063388
0.006355
0.0063718
0.0063892
0.0064073
0.006426
0.0064453
0.0064653
0.0064859
0.0065071
0.0065289
0.0065514
0.0065745
0.0065982
0.0066226
0.0066476
0.0066732
0.0066994
0.0067263
0.0067538
0.006782
0.0068107
0.0068401
0.0068701
0.0069008
0.0069321
0.006964
0.0069965
0.0070297
0.0070634
0.0070979
0.0071329
0.0071686
0.0072049
0.0072418
0.0072794
0.0073176
0.0073564
0.0073958
0.0074359
0.0074766
0.007518
0.0075599
0.0076025
0.0076457
0.0076896
0.0077341
0.0077792
0.0078249
0.0078713
0.0079183
0.0079659
0.0080142
0.008063
0.0081125
0.0081627
0.0082134
0.0082648
0.0083169
0.0083695
0.0084228
0.0084767
0.0085312
0.0085856
0.0086387
0.0086906
0.0087413
0.0087907
0.0088389
0.0088859
0.0089316
0.0089761
0.0090194
0.0090614
0.0091022
0.0091417
0.00918
0.0092171
0.0092529
0.0092875
0.0093208
0.0093529
0.0093838
0.0094134
0.0094418
0.009469
0.0094949
0.0095196
0.009543
0.0095653
0.0095862
0.009606
0.0096244
0.0096417
0.0096577
0.0096725
0.009686
0.0096983
0.0097094
0.0097192
0.0097278
0.0097352
0.0097413
0.0097462
0.0097498
0.0097522
0.0097534
0.0097533
0.009752
0.0097494
0.0097456
0.0097406
0.0097343
0.0097268
0.0097181
0.0097081
0.0096968
0.0096844
0.0096707
0.0096557
0.0096395
0.0096221
0.0096034
0.0095835
0.0095624
0.00954
0.0095164
0.0094915
0.0094654
0.0094381
0.0094095
0.0093797
0.0093486
0.0093163
0.0092828
0.009248
0.009212
0.0091747
0.0091363
0.0090965
0.0090555
0.0090133
0.0089699
0.0089252
0.0088793
0.0088321
0.0087837
0.008734
0.0086832
0.008631
0.0085777
0.0085231
0.0084672
0.0084101
0.0083518
0.0082922
0.0082314
0.0081694
0.0081061
0.0080416
0.0079759
0.0079089
0.0078406
0.0077711
0.0077004
0.0076285
0.0075553
0.0074808
0.0074052
0.0073283
0.0072501
0.0071707
0.0070901
0.0070082
0.0069251
0.0068408
0.0067552
0.0066698
0.0065859
0.0065034
0.0064225
0.006343
0.0062651
0.0061886
0.0061137
0.0060403
0.0059683
0.0058979
0.005829
0.0057616
0.0056957
0.0056313
0.0055684
0.005507
0.0054471
0.0053887
0.0053318
0.0052764
0.0052225
0.0051702
0.0051193
0.0050699
0.0050221
0.0049757
0.0049309
0.0048875
0.0048457
0.0048054
0.0047665
0.0047292
0.0046934
0.0046591
0.0046262
0.0045949
0.0045651
0.0045368
0.00451
0.0044847
0.0044609
0.0044387
0.0044179
0.0043986
0.0043808
0.0043646
0.0043498
0.0043365
0.0043248
0.0043145
0.0043058
0.0042985
0.0042928
0.0042886
0.0042858
0.0042846
0.0042849
0.0042867
0.00429
0.0042948
0.004301
0.0043088
0.0043182
0.004329
0.0043413
0.0043551
0.0043704
0.0043872
0.0044056
0.0044254
0.0044467
0.0044696
0.0044939
0.0045198
0.0045471
0.004576
0.0046064
0.0046382
0.0046716
0.0047065
0.0047429
0.0047808
0.0048201
0.004861
0.0049034
0.0049473
0.0049927
0.0050397
0.0050881
0.005138
0.0051894
0.0052423
0.0052968
0.0053527
0.0054102
0.0054691
0.0055296
0.0055915
0.005655
0.0057199
0.0057864
0.0058544
0.0059238
0.0059948
0.0060673
0.0061413
0.0062168
0.0062938
0.0063723
0.0064523
0.0065338
0.0066168
0.0067013
0.0067857
0.006869
0.0069512
0.0070322
0.007112
0.0071907
0.0072682
0.0073445
0.0074197
0.0074937
0.0075665
0.0076382
0.0077087
0.007778
0.0078462
0.0079132
0.0079791
0.0080438
0.0081073
0.0081697
0.0082309
0.0082909
0.0083498
0.0084075
0.008464
0.0085194
0.0085736
0.0086266
0.0086785
0.0087292
0.0087788
0.0088272
0.0088744
0.0089204
0.0089653
0.0090091
0.0090516
0.009093
0.0091333
0.0091723
0.0092103
0.009247
0.0092826
0.009317
0.0093502
0.0093823
0.0094133
0.009443
0.0094716
0.009499
0.0095253
0.0095504
0.0095743
0.0095971
0.0096187
0.0096392
0.0096584
0.0096766
0.0096935
0.0097093
0.0097239
0.0097374
0.0097497
0.0097608
0.0097708
0.0097796
0.0097872
0.0097937
0.009799
0.0098031
0.0098061
0.0098079
0.0098086
0.009808
0.0098064
0.0098035
0.0097995
0.0097943
0.009788
0.0097805
0.0097718
0.009762
0.009751
0.0097388
0.0097255
0.009711
0.0096954
0.0096786
0.0096606
0.0096414
0.0096211
0.0095997
0.009577
0.0095532
0.0095283
0.0095021
0.0094748
0.0094464
0.0094167
0.009386
0.009354
0.0093209
0.0092866
0.0092512
0.0092146
0.0091768
0.0091378
0.0090977
0.0090565
0.009014
0.0089704
0.0089257
0.0088798
0.0088327
0.0087856
0.008739
0.0086929
0.0086473
0.0086022
0.0085576
0.0085135
0.0084699
0.0084268
0.0083843
0.0083422
0.0083007
0.0082596
0.0082191
0.0081791
0.0081396
0.0081006
0.0080621
0.0080241
0.0079867
0.0079497
0.0079132
0.0078773
0.0078419
0.0078069
0.0077725
0.0077386
0.0077052
0.0076723
0.0076399
0.007608
0.0075767
0.0075458
0.0075155
0.0074856
0.0074563
0.0074275
0.0073991
0.0073713
0.007344
0.0073172
0.007291
0.0072652
0.0072399
0.0072152
0.0071909
0.0071672
0.007144
0.0071212
0.007099
0.0070773
0.0070561
0.0070354
0.0070153
0.0069956
0.0069764
0.0069578
0.0069396
0.006922
0.0069049
0.0068883
0.0068721
0.0068565
0.0068415
0.0068269
0.0068128
0.0067992
0.0067862
0.0067736
0.0067616
0.0067501
0.006739
0.0067285
0.0067185
0.006709
0.0067
0.0066915
0.0066836
0.0066761
0.0066692
0.0066627
0.0066568
0.0066514
0.0066464
0.006642
0.0066381
0.0066347
0.0066319
0.0066295
0.0066276
0.0066263
0.0066254
0.0066251
0.0066252
0.0066259
0.0066271
0.0066288
0.006631
0.0066337
0.0066369
0.0066407
0.0066449
0.0066496
0.0066549
0.0066607
0.0066669
0.0066737
0.006681
0.0066888
0.0066971
0.0067059
0.0067152
0.0067251
0.0067354
0.0067458
0.0067561
0.0067664
0.0067766
0.0067867
0.0067968
0.0068067
0.0068166
0.0068264
0.0068362
0.0068459
0.0068555
0.006865
0.0068744
0.0068838
0.0068931
0.0069023
0.0069115
0.0069205
0.0069295
0.0069384
0.0069473
0.0069561
0.0069648
0.0069734
0.0069819
0.0069904
0.0069988
0.0070071
0.0070154
0.0070235
0.0070316
0.0070397
0.0070476
0.0070555
0.0070633
0.007071
0.0070787
0.0070862
0.0070937
0.0071012
0.0071085
0.0071158
0.007123
0.0071301
0.0071372
0.0071441
0.007151
0.0071579
0.0071646
0.0071713
0.0071779
0.0071844
0.0071909
0.0071972
0.0072035
0.0072098
0.0072159
0.007222
0.007228
0.0072339
0.0072398
0.0072456
0.0072513
0.0072569
0.0072624
0.0072679
0.0072733
0.0072787
0.0072839
0.0072891
0.0072942
0.0072992
0.0073042
0.0073091
0.0073139
0.0073186
0.0073232
0.0073278
0.0073323
0.0073368
0.0073411
0.0073454
0.0073496
0.0073537
0.0073578
0.0073618
0.0073657
0.0073695
0.0073733
0.0073769
0.0073805
0.0073841
0.0073875
0.0073909
0.0073942
0.0073975
0.0074006
0.0074037
0.0074067
0.0074096
0.0074125
0.0074153
0.007418
0.0074206
0.0074232
0.0074257
0.0074281
0.0074304
0.0074327
0.0074349
0.007437
0.007439
0.0074409
0.0074427
0.0074441
0.0074453
0.0074463
0.0074469
0.0074473
0.0074475
0.0074473
0.0074469
0.0074463
0.0074453
0.0074441
0.0074427
0.0074409
0.007439
0.0074367
0.0074342
0.0074314
0.0074283
0.007425
0.0074214
0.0074175
0.0074134
0.007409
0.0074044
0.0073995
0.0073943
0.0073888
0.0073831
0.0073771
0.0073709
0.0073644
0.0073576
0.0073505
0.0073432
0.0073356
0.0073278
0.0073197
0.0073113
0.0073027
0.0072938
0.0072846
0.0072752
0.0072654
0.0072555
0.0072452
0.0072347
0.007224
0.0072129
0.0072016
0.0071901
0.0071782
0.0071661
0.0071538
0.0071411
0.0071282
0.0071151
0.0071016
0.0070879
0.007074
0.0070598
0.0070453
0.0070305
0.0070155
0.0070002
0.0069846
0.0069688
0.0069527
0.0069364
0.0069198
0.0069029
0.0068857
0.0068684
0.0068507
0.0068329
0.0068148
0.0067965
0.006778
0.0067593
0.0067403
0.0067211
0.0067016
0.0066819
0.006662
0.0066419
0.0066215
0.0066009
0.0065801
0.0065591
0.0065378
0.0065163
0.0064945
0.0064725
0.0064503
0.0064279
0.0064052
0.0063823
0.0063592
0.0063359
0.0063123
0.0062885
0.0062644
0.0062402
0.0062157
0.0061909
0.006166
0.0061408
0.0061153
0.0060897
0.0060638
0.0060377
0.0060114
0.0059848
0.0059581
0.0059318
0.005906
0.0058808
0.0058562
0.0058321
0.0058086
0.0057857
0.0057633
0.0057415
0.0057202
0.0056995
0.0056794
0.0056598
0.0056408
0.0056224
0.0056045
0.0055872
0.0055704
0.0055542
0.0055386
0.0055236
0.0055091
0.0054951
0.0054817
0.0054689
0.0054567
0.005445
0.0054338
0.0054233
0.0054133
0.0054038
0.005395
0.0053866
0.0053789
0.0053717
0.0053651
0.005359
0.0053535
0.0053486
0.0053442
0.0053404
0.0053371
0.0053344
0.0053323
0.0053307
0.0053297
0.0053293
0.0053294
0.0053301
0.0053314
0.0053332
0.0053356
0.0053385
0.005342
0.0053461
0.0053507
0.0053559
0.0053616
0.0053679
0.0053748
0.0053822
0.0053902
0.0053988
0.0054079
0.0054176
0.0054279
0.0054387
0.00545
0.005462
0.0054745
0.0054876
0.0055012
0.0055154
0.0055301
0.0055454
0.0055613
0.0055777
0.0055947
0.0056123
0.0056304
0.0056491
0.0056684
0.0056882
0.0057086
0.0057295
0.005751
0.0057731
0.0057957
0.0058189
0.0058426
0.005867
0.0058918
0.0059173
0.0059433
0.0059698
0.005997
0.0060247
0.0060529
0.0060817
0.0061111
0.006141
0.0061715
0.0062026
0.0062342
0.0062664
0.0062992
0.0063325
0.0063664
0.0064008
0.0064358
0.0064714
0.0065075
0.0065442
0.0065813
0.0066182
0.0066547
0.0066909
0.0067267
0.0067621
0.0067971
0.0068318
0.0068661
0.0069
0.0069336
0.0069667
0.0069995
0.007032
0.007064
0.0070957
0.007127
0.007158
0.0071885
0.0072187
0.0072486
0.007278
0.0073071
0.0073358
0.0073642
0.0073921
0.0074197
0.0074469
0.0074738
0.0075003
0.0075264
0.0075521
0.0075775
0.0076024
0.0076271
0.0076513
0.0076752
0.0076987
0.0077218
0.0077445
0.0077669
0.0077889
0.0078106
0.0078318
0.0078527
0.0078733
0.0078934
0.0079132
0.0079326
0.0079516
0.0079703
0.0079886
0.0080065
0.008024
0.0080412
0.008058
0.0080744
0.0080905
0.0081061
0.0081215
0.0081364
0.008151
0.0081652
0.008179
0.0081924
0.0082055
0.0082182
0.0082305
0.0082425
0.0082541
0.0082653
0.0082761
0.0082866
0.0082967
0.0083064
0.0083158
0.0083248
0.0083334
0.0083416
0.0083495
0.008357
0.0083641
0.0083708
0.0083772
0.0083832
0.0083888
0.0083941
0.008399
0.0084035
0.0084077
0.0084114
0.0084148
0.0084178
0.0084205
0.0084228
0.0084247
0.0084262
0.0084274
0.0084282
0.0084286
0.0084287
0.0084283
0.0084276
0.0084266
0.0084251
0.0084233
0.0084211
0.0084186
0.0084156
0.0084123
0.0084087
0.0084046
0.0084002
0.0083954
0.0083903
0.0083853
0.0083805
0.0083758
0.0083712
0.0083667
0.0083624
0.0083582
0.0083541
0.0083502
0.0083464
0.0083428
0.0083393
0.0083359
0.0083326
0.0083295
0.0083265
0.0083237
0.008321
0.0083184
0.008316
0.0083136
0.0083115
0.0083094
0.0083075
0.0083058
0.0083041
0.0083026
0.0083013
0.0083
0.0082988
0.0082977
0.0082966
0.0082956
0.0082947
0.0082938
0.008293
0.0082923
0.0082916
0.008291
0.0082905
0.00829
0.0082896
0.0082893
0.0082891
0.0082889
0.0082888
0.0082887
0.0082887
0.0082888
0.0082889
0.0082892
0.0082894
0.0082898
0.0082902
0.0082907
0.0082913
0.0082919
0.0082926
0.0082933
0.0082942
0.008295
0.008296
0.008297
0.0082981
0.0082993
0.0083005
0.0083018
0.0083032
0.0083046
0.0083061
0.0083077
0.0083093
0.008311
0.0083128
0.0083146
0.0083165
0.0083185
0.0083206
0.0083227
0.0083248
0.0083271
0.0083294
0.0083318
0.0083342
0.0083367
0.0083393
0.008342
0.0083447
0.0083475
0.0083503
0.0083532
0.0083562
0.0083593
0.0083624
0.0083656
0.0083689
0.0083722
0.0083756
0.008379
0.0083826
0.0083862
0.0083898
0.0083935
0.0083973
0.0084012
0.0084051
0.0084091
0.0084132
0.0084173
0.0084215
0.0084258
0.0084302
0.0084346
0.008439
0.0084433
0.0084476
0.0084517
0.0084557
0.0084596
0.0084635
0.0084672
0.0084708
0.0084743
0.0084777
0.008481
0.0084841
0.0084872
0.0084902
0.008493
0.0084958
0.0084985
0.008501
0.0085035
0.0085058
0.008508
0.0085101
0.0085122
0.0085141
0.0085159
0.0085176
0.0085192
0.0085207
0.0085221
0.0085234
0.0085245
0.0085256
0.0085266
0.0085274
0.0085282
0.0085288
0.0085294
0.0085298
0.0085301
0.0085304
0.0085305
0.0085305
0.0085304
0.0085302
0.0085299
0.0085295
0.008529
0.0085284
0.0085276
0.0085268
0.0085259
0.0085248
0.0085237
0.0085224
0.0085211
0.0085196
0.0085181
0.0085164
0.0085146
0.0085127
0.0085107
0.0085086
0.0085064
0.0085041
0.0085017
0.0084992
0.0084966
0.0084938
0.008491
0.0084881
0.008485
0.0084819
0.0084786
0.0084752
0.0084718
0.0084682
0.0084645
0.0084607
0.0084568
0.0084528
0.0084487
0.0084445
0.0084402
0.0084358
0.0084313
0.0084267
0.0084219
0.0084171
0.0084121
0.0084071
0.0084019
0.0083967
0.0083913
0.0083858
0.0083802
0.0083746
0.0083688
0.0083629
0.0083569
0.0083508
0.0083445
0.0083382
0.0083318
0.0083253
0.0083186
0.0083119
0.0083051
0.0082981
0.008291
0.0082839
0.0082766
0.0082692
0.0082618
0.0082542
0.0082465
0.0082386
0.0082307
0.0082226
0.0082144
0.0082061
0.0081976
0.008189
0.0081804
0.0081715
0.0081626
0.0081535
0.0081444
0.0081351
0.0081256
0.0081161
0.0081064
0.0080966
0.0080867
0.0080767
0.0080665
0.0080562
0.0080458
0.0080353
0.0080246
0.0080138
0.0080029
0.0079919
0.0079808
0.0079695
0.0079581
0.0079466
0.007935
0.0079232
0.0079113
0.0078993
0.0078872
0.007875
0.0078626
0.0078501
0.0078375
0.0078248
0.0078119
0.0077989
0.0077858
0.0077726
0.0077592
0.0077458
0.0077322
0.0077185
0.0077046
0.0076907
0.0076766
0.0076624
0.007648
0.0076336
0.007619
0.0076043
0.0075895
0.0075746
0.0075595
0.0075443
0.007529
0.0075136
0.007498
0.0074823
0.0074665
0.0074506
0.0074346
0.0074184
0.0074021
0.0073857
0.0073692
0.0073525
0.0073357
0.0073188
0.0073018
0.0072846
0.0072674
0.00725
0.0072325
0.0072148
0.0071971
0.0071792
0.0071612
0.007143
0.0071248
0.0071064
0.0070879
0.0070693
0.0070506
0.0070317
0.0070127
0.0069936
0.0069744
0.006955
0.0069355
0.0069159
0.0068962
0.0068765
0.0068566
0.0068368
0.0068169
0.006797
0.006777
0.006757
0.006737
0.0067169
0.0066967
0.0066765
0.0066563
0.0066361
0.0066158
0.0065956
0.0065757
0.0065561
0.0065369
0.006518
0.0064994
0.0064812
0.0064632
0.0064457
0.0064284
0.0064115
0.0063949
0.0063787
0.0063627
0.0063471
0.0063319
0.0063169
0.0063023
0.0062881
0.0062741
0.0062605
0.0062472
0.0062343
0.0062217
0.0062094
0.0061974
0.0061858
0.0061745
0.0061636
0.0061529
0.0061426
0.0061327
0.006123
0.0061137
0.0061048
0.0060961
0.0060878
0.0060798
0.0060722
0.0060649
0.0060579
0.0060512
0.0060449
0.0060389
0.0060332
0.0060279
0.0060229
0.0060182
0.0060139
0.0060099
0.0060062
0.0060028
0.0059998
0.0059971
0.0059948
0.0059928
0.0059911
0.0059897
0.0059887
0.005988
0.0059876
0.0059876
0.0059878
0.0059885
0.0059894
0.0059907
0.0059923
0.0059943
0.0059966
0.0059992
0.0060021
0.0060054
0.006009
0.0060129
0.0060172
0.0060218
0.0060267
0.0060319
0.0060375
0.0060435
0.0060497
0.0060563
0.0060632
0.0060704
0.006078
0.0060859
0.0060942
0.0061027
0.0061116
0.0061208
0.0061304
0.0061403
0.0061505
0.0061611
0.0061719
0.0061832
0.0061947
0.0062066
0.0062188
0.0062313
0.0062442
0.0062574
0.0062709
0.0062848
0.006299
0.0063135
0.0063284
0.0063435
0.0063591
0.0063749
0.0063911
0.0064076
0.0064244
0.0064416
0.0064588
0.0064758
0.0064925
0.0065089
0.006525
0.0065409
0.0065564
0.0065717
0.0065867
0.0066014
0.0066158
0.0066299
0.0066438
0.0066573
0.0066706
0.0066836
0.0066963
0.0067087
0.0067208
0.0067327
0.0067442
0.0067555
0.0067665
0.0067772
0.0067876
0.0067977
0.0068076
0.0068171
0.0068264
0.0068354
0.0068441
0.0068525
0.0068607
0.0068685
0.0068761
0.0068833
0.0068903
0.006897
0.0069035
0.0069096
0.0069155
0.006921
0.0069263
0.0069313
0.006936
0.0069404
0.0069446
0.0069484
0.006952
0.0069553
0.0069583
0.006961
0.0069634
0.0069656
0.0069674
0.006969
0.0069703
0.0069713
0.006972
0.0069724
0.0069726
0.0069724
0.006972
0.0069713
0.0069703
0.006969
0.0069675
0.0069656
0.0069635
0.0069611
0.0069584
0.0069554
0.0069521
0.0069485
0.0069447
0.0069405
0.0069361
0.0069314
0.0069264
0.0069212
0.0069156
0.0069098
0.0069036
0.0068972
0.0068905
0.0068835
0.0068763
0.0068687
0.0068609
0.0068527
0.0068443
0.0068356
0.0068266
0.0068174
0.0068078
0.006798
0.0067879
0.0067774
0.0067667
0.0067558
0.0067445
0.006733
0.0067211
0.006709
0.0066966
0.0066839
0.0066709
0.0066577
0.0066441
0.0066303
0.0066162
0.0066018
0.0065871
0.0065721
0.0065571
0.0065423
0.0065277
0.0065133
0.0064992
0.0064853
0.0064716
0.0064581
0.0064448
0.0064318
0.0064189
0.0064063
0.006394
0.0063818
0.0063698
0.0063581
0.0063466
0.0063353
0.0063243
0.0063134
0.0063028
0.0062924
0.0062822
0.0062722
0.0062625
0.0062529
0.0062436
0.0062345
0.0062257
0.006217
0.0062086
0.0062004
0.0061924
0.0061846
0.0061771
0.0061697
0.0061626
0.0061557
0.0061491
0.0061426
0.0061364
0.0061304
0.0061246
0.006119
0.0061136
0.0061085
0.0061036
0.0060989
0.0060944
0.0060902
0.0060861
0.0060823
0.0060787
0.0060754
0.0060722
0.0060693
0.0060665
0.0060639
0.0060615
0.0060592
0.0060571
0.0060552
0.0060533
0.0060517
0.0060502
0.0060489
0.0060477
0.0060467
0.0060458
0.0060451
0.0060446
0.0060442
0.0060439
0.0060439
0.0060439
0.0060442
0.0060446
0.0060451
0.0060458
0.0060467
0.0060477
0.0060489
0.0060502
0.0060517
0.0060533
0.0060551
0.0060571
0.0060592
0.0060615
0.0060639
0.0060665
0.0060692
0.0060721
0.0060752
0.0060784
0.0060817
0.0060853
0.0060889
0.0060928
0.0060968
0.0061009
0.0061052
0.0061097
0.0061143
0.0061191
0.006124
0.0061291
0.0061343
0.0061397
0.0061453
0.006151
0.0061569
0.0061629
0.0061691
0.0061754
0.0061818
0.0061882
0.0061948
0.0062014
0.0062081
0.0062149
0.0062217
0.0062286
0.0062356
0.0062427
0.0062499
0.0062571
0.0062645
0.0062719
0.0062794
0.0062869
0.0062946
0.0063023
0.0063101
0.0063179
0.0063259
0.0063339
0.006342
0.0063502
0.0063585
0.0063668
0.0063753
0.0063838
0.0063923
0.006401
0.0064097
0.0064186
0.0064275
0.0064364
0.0064455
0.0064546
0.0064638
0.0064731
0.0064825
0.006492
0.0065015
0.0065111
0.0065208
0.0065305
0.0065404
0.0065503
0.0065603
0.0065704
0.0065805
0.0065908
0.0066011
0.0066115
0.0066219
0.0066325
0.0066431
0.0066538
0.0066646
0.0066755
0.0066864
0.0066975
0.0067086
0.0067197
0.006731
0.0067423
0.0067537
0.0067652
0.0067768
0.0067885
0.0068002
0.006812
0.0068239
0.0068359
0.0068479
0.00686
0.0068722
0.0068845
0.0068969
0.0069093
0.0069218
0.0069344
0.0069471
0.0069599
0.0069727
0.0069856
0.0069986
0.0070117
0.0070248
0.007038
0.0070513
0.0070647
0.0070782
0.0070917
0.0071054
0.0071191
0.0071328
0.0071467
0.0071606
0.0071746
0.0071887
0.0072029
0.0072172
0.0072315
0.0072459
0.0072604
0.0072749
0.0072896
0.0073043
0.0073191
0.007334
0.0073489
0.007364
0.0073791
0.0073943
0.0074093
0.0074241
0.0074387
0.007453
0.007467
0.0074808
0.0074944
0.0075077
0.0075207
0.0075335
0.007546
0.0075583
0.0075703
0.007582
0.0075935
0.0076048
0.0076158
0.0076265
0.007637
0.0076472
0.0076572
0.0076669
0.0076764
0.0076856
0.0076946
0.0077033
0.0077118
0.00772
0.0077279
0.0077356
0.007743
0.0077502
0.0077571
0.0077638
0.0077702
0.0077764
0.0077823
0.007788
0.0077934
0.0077985
0.0078034
0.007808
0.0078124
0.0078166
0.0078204
0.0078241
0.0078274
0.0078305
0.0078334
0.007836
0.0078384
0.0078405
0.0078423
0.0078439
0.0078452
0.0078463
0.0078471
0.0078477
0.007848
0.0078481
0.0078479
0.0078475
0.0078468
0.0078458
0.0078446
0.0078431
0.0078414
0.0078394
0.0078372
0.0078347
0.007832
0.007829
0.0078258
0.0078223
0.0078185
0.0078145
0.0078103
0.0078058
0.007801
0.007796
0.0077907
0.0077852
0.0077794
0.0077734
0.0077671
0.0077605
0.0077537
0.0077467
0.0077393
0.0077318
0.007724
0.0077159
0.0077076
0.007699
0.0076902
0.0076811
0.0076717
0.0076621
0.0076523
0.0076422
0.0076318
0.0076212
0.0076103
0.0075992
0.0075878
0.0075762
0.0075643
0.0075522
0.0075398
0.0075271
0.0075142
0.0075011
0.0074877
0.007474
0.0074606
0.0074475
0.0074348
0.0074225
0.0074105
0.0073989
0.0073878
0.0073769
0.0073665
0.0073565
0.0073468
0.0073375
0.0073286
0.0073201
0.007312
0.0073043
0.007297
0.0072901
0.0072837
0.0072776
0.0072719
0.0072666
0.0072618
0.0072573
0.0072533
0.0072496
0.0072464
0.0072435
0.0072411
0.0072391
0.0072374
0.0072362
0.0072354
0.007235
0.007235
0.0072354
0.0072362
0.0072374
0.007239
0.007241
0.0072435
0.0072463
0.0072495
0.0072532
0.0072572
0.0072616
0.0072665
0.0072718
0.0072774
0.0072835
0.0072899
0.0072968
0.0073041
0.0073118
0.0073199
0.0073284
0.0073373
0.0073466
0.0073563
0.0073664
0.0073769
0.0073878
0.0073991
0.0074109
0.007423
0.0074356
0.0074485
0.0074619
0.0074756
0.0074898
0.0075043
0.0075193
0.0075347
0.0075504
0.0075666
0.0075832
0.0076002
0.0076176
0.0076354
0.0076536
0.0076722
0.0076912
0.0077107
0.0077305
0.0077507
0.0077714
0.0077924
0.0078138
0.0078357
0.0078579
0.0078806
0.0079037
0.0079271
0.007951
0.0079753
0.008
0.008025
0.0080505
0.0080764
0.0081027
0.0081294
0.0081565
0.0081841
0.008212
0.0082403
0.008269
0.0082982
0.0083277
0.0083577
0.008388
0.0084188
0.0084499
0.0084815
0.0085133
0.0085447
0.0085752
0.0086048
0.0086336
0.0086615
0.0086886
0.0087147
0.00874
0.0087645
0.0087881
0.0088108
0.0088327
0.0088536
0.0088738
0.008893
0.0089114
0.008929
0.0089456
0.0089614
0.0089764
0.0089904
0.0090036
0.009016
0.0090275
0.0090381
0.0090478
0.0090567
0.0090647
0.0090719
0.0090782
0.0090836
0.0090882
0.0090919
0.0090947
0.0090966
0.0090978
0.009098
0.0090974
0.0090959
0.0090935
0.0090903
0.0090862
0.0090813
0.0090754
0.0090688
0.0090612
0.0090528
0.0090435
0.0090334
0.0090224
0.0090105
0.0089978
0.0089842
0.0089697
0.0089544
0.0089382
0.0089212
0.0089032
0.0088844
0.0088648
0.0088443
0.0088229
0.0088007
0.0087775
0.0087536
0.0087287
0.008703
0.0086765
0.008649
0.0086207
0.0085916
0.0085615
0.0085307
0.0084989
0.0084663
0.0084328
0.0083984
0.0083632
0.0083272
0.0082902
0.0082524
0.0082137
0.0081742
0.0081338
0.0080925
0.0080504
0.0080074
0.0079635
0.0079188
0.0078732
0.0078268
0.0077794
0.0077313
0.0076822
0.0076323
0.0075815
0.0075299
0.0074774
0.007424
0.0073697
0.0073146
0.0072587
0.0072018
0.0071442
0.0070856
0.0070262
0.0069659
0.0069047
0.0068427
0.0067798
0.0067161
0.0066515
0.006586
0.0065198
0.0064543
0.0063897
0.0063261
0.0062635
0.006202
0.0061414
0.0060818
0.0060233
0.0059657
0.0059091
0.0058536
0.005799
0.0057455
0.0056929
0.0056413
0.0055908
0.0055412
0.0054927
0.0054451
0.0053986
0.005353
0.0053085
0.005265
0.0052224
0.0051809
0.0051403
0.0051008
0.0050623
0.0050247
0.0049882
0.0049527
0.0049181
0.0048846
0.0048521
0.0048206
0.00479
0.0047605
0.004732
0.0047045
0.004678
0.0046525
0.0046279
0.0046044
0.0045819
0.0045604
0.0045399
0.0045204
0.0045019
0.0044844
0.0044679
0.0044524
0.0044379
0.0044244
0.0044119
0.0044004
0.0043899
0.0043804
0.004372
0.0043645
0.004358
0.0043525
0.004348
0.0043445
0.0043421
0.0043406
0.0043401
0.0043406
0.0043422
0.0043447
0.0043482
0.0043528
0.0043583
0.0043648
0.0043724
0.0043809
0.0043905
0.004401
0.0044126
0.0044251
0.0044387
0.0044532
0.0044688
0.0044853
0.0045029
0.0045214
0.004541
0.0045615
0.0045831
0.0046056
0.0046292
0.0046537
0.0046793
0.0047059
0.0047334
0.004762
0.0047915
0.0048221
0.0048536
0.0048862
0.0049198
0.0049543
0.0049899
0.0050264
0.005064
0.0051026
0.0051421
0.0051827
0.0052242
0.0052668
0.0053104
0.0053549
0.0054005
0.005447
0.0054943
0.0055412
0.0055874
0.0056328
0.0056775
0.0057214
0.0057646
0.0058071
0.0058488
0.0058897
0.00593
0.0059694
0.0060082
0.0060462
0.0060834
0.0061199
0.0061557
0.0061907
0.006225
0.0062586
0.0062914
0.0063234
0.0063547
0.0063853
0.0064152
0.0064442
0.0064726
0.0065002
0.0065271
0.0065532
0.0065786
0.0066032
0.0066271
0.0066503
0.0066727
0.0066944
0.0067153
0.0067355
0.0067549
0.0067736
0.0067916
0.0068088
0.0068253
0.006841
0.006856
0.0068703
0.0068838
0.0068966
0.0069086
0.0069199
0.0069304
0.0069402
0.0069493
0.0069576
0.0069652
0.006972
0.0069781
0.0069835
0.0069881
0.0069919
0.0069951
0.0069974
0.0069991
0.007
0.0070001
0.0069996
0.0069982
0.0069962
0.0069934
0.0069898
0.0069855
0.0069805
0.0069747
0.0069682
0.0069609
0.0069529
0.0069442
0.0069347
0.0069244
0.0069135
0.0069017
0.0068893
0.0068761
0.0068621
0.0068475
0.006832
0.0068159
0.006799
0.0067813
0.0067629
0.0067438
0.0067239
0.0067033
0.0066819
0.0066598
0.006637
0.0066134
0.0065891
0.006564
0.0065382
0.0065116
0.0064843
0.0064563
0.0064275
0.006398
0.0063677
0.0063367
0.006305
0.0062725
0.0062393
0.0062053
0.0061706
0.0061351
0.0060989
0.0060623
0.006026
0.0059905
0.0059556
0.0059214
0.0058878
0.0058549
0.0058227
0.0057911
0.0057603
0.00573
0.0057005
0.0056716
0.0056434
0.0056158
0.005589
0.0055627
0.0055372
0.0055123
0.0054881
0.0054646
0.0054417
0.0054195
0.0053979
0.005377
0.0053568
0.0053373
0.0053184
0.0053002
0.0052827
0.0052658
0.0052496
0.0052341
0.0052192
0.005205
0.0051914
0.0051786
0.0051664
0.0051548
0.005144
0.0051338
0.0051242
0.0051154
0.0051072
0.0050996
0.0050928
0.0050866
0.005081
0.0050762
0.005072
0.0050685
0.0050656
0.0050634
0.0050619
0.005061
0.0050608
0.0050613
0.0050624
0.0050643
0.0050667
0.0050699
0.0050737
0.0050782
0.0050833
0.0050891
0.0050956
0.0051028
0.0051106
0.0051191
0.0051282
0.005138
0.0051485
0.0051597
0.0051715
0.005184
0.0051971
0.0052109
0.0052254
0.0052406
0.0052564
0.0052729
0.0052901
0.0053079
0.0053264
0.0053455
0.0053654
0.0053859
0.005407
0.0054288
0.0054513
0.0054745
0.0054983
0.0055228
0.005548
0.0055738
0.0056003
0.0056275
0.0056553
0.0056838
0.005713
0.0057428
0.0057733
0.0058045
0.0058363
0.0058688
0.005902
0.0059359
0.0059704
0.0060055
0.0060414
0.0060779
0.0061151
0.0061529
0.0061914
0.0062302
0.0062682
0.0063053
0.0063413
0.0063764
0.0064105
0.0064436
0.0064758
0.006507
0.0065372
0.0065664
0.0065947
0.006622
0.0066483
0.0066736
0.006698
0.0067213
0.0067437
0.0067652
0.0067856
0.0068051
0.0068236
0.0068411
0.0068577
0.0068733
0.0068879
0.0069015
0.0069142
0.0069258
0.0069365
0.0069463
0.006955
0.0069628
0.0069696
0.0069754
0.0069802
0.0069841
0.006987
0.0069889
0.0069899
0.0069899
0.0069889
0.0069869
0.006984
0.0069801
0.0069753
0.0069695
0.0069627
0.006955
0.0069463
0.0069367
0.0069261
0.0069145
0.006902
0.0068885
0.0068741
0.0068587
0.0068423
0.006825
0.0068067
0.0067875
0.0067673
0.0067461
0.006724
0.0067009
0.0066768
0.0066518
0.0066258
0.0065989
0.006571
0.0065421
0.0065123
0.0064816
0.0064498
0.0064171
0.0063835
0.0063488
0.0063133
0.0062767
0.0062392
0.0062008
0.0061613
0.006121
0.0060796
0.0060373
0.005994
0.0059498
0.0059046
0.0058585
0.0058114
0.0057633
0.0057143
0.0056643
0.0056133
0.0055614
0.0055085
0.0054547
0.0053999
0.0053442
0.0052874
0.0052298
0.0051711
0.0051115
0.005051
0.0049895
0.004927
0.0048635
0.0047991
0.0047338
0.0046674
0.0046002
0.0045319
0.0044627
0.0043925
0.0043221
0.0042527
0.0041848
0.0041181
0.0040528
0.0039888
0.0039262
0.003865
0.003805
0.0037464
0.0036892
0.0036333
0.0035787
0.0035255
0.0034736
0.0034231
0.0033739
0.003326
0.0032795
0.0032344
0.0031905
0.003148
0.0031069
0.0030671
0.0030287
0.0029915
0.0029558
0.0029213
0.0028883
0.0028565
0.0028261
0.0027971
0.0027693
0.002743
0.0027179
0.0026942
0.0026719
0.0026509
0.0026312
0.0026129
0.0025959
0.0025803
0.002566
0.0025531
0.0025415
0.0025312
0.0025223
0.0025147
0.0025085
0.0025036
0.0025
0.0024978
0.0024969
0.0024974
0.0024992
0.0025024
0.0025069
0.0025127
0.0025199
0.0025285
0.0025383
0.0025495
0.0025621
0.002576
0.0025912
0.0026078
0.0026257
0.002645
0.0026656
0.0026876
0.0027109
0.0027355
0.0027615
0.0027888
0.0028175
0.0028475
0.0028788
0.0029115
0.0029456
0.0029809
0.0030177
0.0030557
0.0030951
0.0031359
0.003178
0.0032214
0.0032662
0.0033123
0.0033598
0.0034086
0.0034587
0.0035102
0.003563
0.0036172
0.0036727
0.0037296
0.0037878
0.0038473
0.0039082
0.0039704
0.004034
0.0040989
0.0041651
0.0042327
0.0043017
0.004372
0.0044436
0.0045165
0.0045908
0.0046665
0.0047435
0.0048218
0.0049015
0.0049825
0.005064
0.0051444
0.0052236
0.0053016
0.0053783
0.0054538
0.005528
0.0056011
0.0056729
0.0057434
0.0058128
0.0058809
0.0059478
0.0060134
0.0060779
0.006141
0.006203
0.0062637
0.0063232
0.0063815
0.0064385
0.0064943
0.0065489
0.0066023
0.0066544
0.0067053
0.0067549
0.0068034
0.0068506
0.0068965
0.0069413
0.0069848
0.007027
0.0070681
0.0071079
0.0071465
0.0071838
0.00722
0.0072548
0.0072885
0.0073209
0.0073521
0.0073821
0.0074108
0.0074384
0.0074646
0.0074897
0.0075135
0.0075361
0.0075575
0.0075776
0.0075965
0.0076141
0.0076306
0.0076458
0.0076598
0.0076725
0.007684
0.0076943
0.0077034
0.0077112
0.0077178
0.0077231
0.0077273
0.0077302
0.0077318
0.0077323
0.0077315
0.0077295
0.0077262
0.0077218
0.007716
0.0077091
0.0077009
0.0076915
0.0076809
0.007669
0.0076559
0.0076416
0.0076261
0.0076093
0.0075913
0.007572
0.0075516
0.0075298
0.0075069
0.0074827
0.0074574
0.0074307
0.0074029
0.0073738
0.0073435
0.0073119
0.0072791
0.0072451
0.0072099
0.0071734
0.0071357
0.0070968
0.0070566
0.0070152
0.0069726
0.0069288
0.0068837
0.0068374
0.0067898
0.0067411
0.0066911
0.0066398
0.0065874
0.0065337
0.0064787
0.0064226
0.0063651
0.0063073
0.0062502
0.006194
0.0061386
0.0060841
0.0060304
0.0059776
0.0059256
0.0058745
0.0058243
0.0057749
0.0057263
0.0056786
0.0056318
0.0055858
0.0055406
0.0054963
0.0054529
0.0054103
0.0053686
0.0053277
0.0052877
0.0052485
0.0052102
0.0051727
0.0051361
0.0051003
0.0050654
0.0050314
0.0049981
0.0049658
0.0049343
0.0049036
0.0048739
0.0048449
0.0048168
0.0047896
0.0047632
0.0047377
0.004713
0.0046892
0.0046662
0.0046441
0.0046228
0.0046024
0.0045828
0.0045641
0.0045462
0.0045292
0.0045131
0.0044978
0.0044833
0.0044697
0.004457
0.0044451
0.0044341
0.0044239
0.0044146
0.0044061
0.0043985
0.0043917
0.0043858
0.0043807
0.0043765
0.0043731
0.0043706
0.0043689
0.0043681
0.0043682
0.0043691
0.0043708
0.0043734
0.0043769
0.0043812
0.0043864
0.0043924
0.0043993
0.004407
0.0044156
0.004425
0.0044353
0.0044464
0.0044584
0.0044712
0.0044849
0.0044994
0.0045148
0.0045311
0.0045482
0.0045661
0.0045849
0.0046046
0.0046251
0.0046465
0.0046687
0.0046918
0.0047157
0.0047405
0.0047661
0.0047926
0.0048199
0.0048481
0.0048771
0.004907
0.0049377
0.0049693
0.0050018
0.0050351
0.0050692
0.0051042
0.0051401
0.0051768
0.0052144
0.0052528
0.0052914
0.0053296
0.0053673
0.0054045
0.0054413
0.0054775
0.0055133
0.0055486
0.0055834
0.0056177
0.0056515
0.0056848
0.0057177
0.0057501
0.0057819
0.0058133
0.0058443
0.0058747
0.0059046
0.0059341
0.005963
0.0059915
0.0060195
0.006047
0.006074
0.0061006
0.0061266
0.0061522
0.0061773
0.0062019
0.006226
0.0062496
0.0062728
0.0062954
0.0063176
0.0063393
0.0063605
0.0063812
0.0064014
0.0064211
0.0064404
0.0064592
0.0064775
0.0064953
0.0065126
0.0065294
0.0065457
0.0065616
0.006577
0.0065918
0.0066062
0.0066202
0.0066336
0.0066465
0.006659
0.006671
0.0066824
0.0066934
0.006704
0.006714
0.0067235
0.0067326
0.0067412
0.0067492
0.0067568
0.006764
0.0067706
0.0067767
0.0067824
0.0067876
0.0067922
0.0067964
0.0068002
0.0068034
0.0068061
0.0068084
0.0068102
0.0068115
0.0068123
0.0068126
0.0068124
0.0068117
0.0068106
0.006809
0.0068069
0.0068043
0.0068012
0.0067976
0.0067936
0.006789
0.006784
0.0067785
0.0067725
0.006766
0.006759
0.0067516
0.0067436
0.0067352
0.0067263
0.0067169
0.006707
0.0066967
0.0066858
0.0066745
0.0066627
0.0066503
0.0066375
0.0066243
0.0066105
0.0065962
0.0065815
0.0065663
0.0065506
0.0065344
0.0065181
0.0065019
0.006486
0.0064702
0.0064546
0.0064393
0.0064241
0.006409
0.0063942
0.0063796
0.0063651
0.0063509
0.0063368
0.0063229
0.0063092
0.0062957
0.0062824
0.0062693
0.0062563
0.0062436
0.006231
0.0062186
0.0062064
0.0061944
0.0061826
0.006171
0.0061596
0.0061483
0.0061372
0.0061264
0.0061157
0.0061052
0.0060949
0.0060848
0.0060748
0.0060651
0.0060555
0.0060461
0.006037
0.006028
0.0060192
0.0060106
0.0060021
0.0059939
0.0059858
0.005978
0.0059703
0.0059628
0.0059555
0.0059484
0.0059415
0.0059347
0.0059282
0.0059218
0.0059157
0.0059097
0.0059039
0.0058983
0.0058929
0.0058876
0.0058826
0.0058777
0.0058731
0.0058686
0.0058643
0.0058602
0.0058563
0.0058526
0.005849
0.0058457
0.0058427
0.0058398
0.0058371
0.0058347
0.0058325
0.0058305
0.0058287
0.0058272
0.0058258
0.0058247
0.0058238
0.0058231
0.0058227
0.0058224
0.0058224
0.0058226
0.005823
0.0058236
0.0058244
0.0058255
0.0058268
0.0058283
0.00583
0.0058319
0.005834
0.0058364
0.005839
0.0058418
0.0058448
0.0058481
0.0058515
0.0058552
0.0058591
0.0058632
0.0058675
0.0058721
0.0058768
0.0058818
0.005887
0.0058924
0.0058981
0.0059039
0.00591
0.0059163
0.0059226
0.0059288
0.005935
0.005941
0.005947
0.0059529
0.0059587
0.0059644
0.00597
0.0059755
0.0059809
0.0059863
0.0059915
0.0059967
0.0060018
0.0060068
0.0060117
0.0060165
0.0060212
0.0060259
0.0060304
0.0060349
0.0060393
0.0060436
0.0060478
0.0060519
0.0060559
0.0060598
0.0060637
0.0060674
0.0060711
0.0060747
0.0060782
0.0060816
0.0060849
0.0060881
0.0060913
0.0060943
0.0060973
0.0061001
0.0061029
0.0061056
0.0061082
0.0061107
0.0061132
0.0061155
0.0061178
0.0061199
0.006122
0.006124
0.0061259
0.0061277
0.0061294
0.006131
0.0061326
0.006134
0.0061354
0.0061367
0.0061379
0.006139
0.00614
0.0061409
0.0061417
0.0061425
0.0061432
0.0061437
0.0061442
0.0061446
0.0061449
0.0061451
0.0061453
0.0061453
0.0061452
0.0061451
0.0061449
0.0061446
0.0061442
0.0061437
0.0061431
0.0061424
0.0061417
0.0061408
0.0061399
0.0061389
0.0061378
0.0061366
0.0061353
0.0061339
0.0061324
0.0061309
0.0061292
0.0061275
0.0061257
0.0061238
0.0061218
0.0061197
0.0061175
0.0061153
0.0061129
0.0061105
0.0061079
0.0061053
0.0061026
0.0060998
0.006097
0.006094
0.0060909
0.0060878
0.0060845
0.0060812
0.0060778
0.0060743
0.0060707
0.0060671
0.0060635
0.0060602
0.0060571
0.0060543
0.0060517
0.0060493
0.0060472
0.0060453
0.0060436
0.0060421
0.0060409
0.00604
0.0060392
0.0060387
0.0060385
0.0060384
0.0060386
0.0060391
0.0060397
0.0060406
0.0060418
0.0060431
0.0060447
0.0060466
0.0060486
0.0060509
0.0060535
0.0060563
0.0060593
0.0060625
0.006066
0.0060697
0.0060736
0.0060778
0.0060822
0.0060869
0.0060917
0.0060969
0.0061022
0.0061078
0.0061136
0.0061196
0.0061259
0.0061324
0.0061392
0.0061462
0.0061534
0.0061609
0.0061685
0.0061765
0.0061846
0.006193
0.0062016
0.0062105
0.0062196
0.0062289
0.0062385
0.0062483
0.0062583
0.0062685
0.006279
0.0062898
0.0063007
0.0063119
0.0063234
0.006335
0.0063469
0.0063591
0.0063714
0.006384
0.0063969
0.0064099
0.0064232
0.0064368
0.0064505
0.0064645
0.0064788
0.0064933
0.006508
0.0065229
0.0065381
0.0065535
0.0065691
0.006585
0.0066011
0.0066175
0.0066341
0.0066509
0.0066679
0.0066852
0.0067027
0.0067205
0.0067384
0.0067567
0.0067751
0.0067938
0.0068127
0.0068319
0.0068513
0.0068709
0.0068907
0.0069108
0.0069311
0.0069517
0.0069725
0.0069935
0.0070148
0.0070363
0.007058
0.00708
0.0071022
0.0071246
0.0071472
0.0071701
0.007193
0.0072157
0.0072383
0.0072609
0.0072832
0.0073055
0.0073276
0.0073497
0.0073716
0.0073934
0.007415
0.0074366
0.007458
0.0074793
0.0075005
0.0075216
0.0075426
0.0075634
0.0075841
0.0076047
0.0076252
0.0076455
0.0076658
0.0076859
0.0077059
0.0077257
0.0077452
0.0077646
0.0077837
0.0078026
0.0078214
0.0078398
0.0078581
0.0078762
0.007894
0.0079117
0.0079291
0.0079463
0.0079633
0.00798
0.0079966
0.0080129
0.0080291
0.008045
0.0080607
0.0080761
0.0080914
0.0081064
0.0081213
0.0081359
0.0081503
0.0081645
0.0081785
0.0081922
0.0082058
0.0082191
0.0082322
0.0082451
0.0082578
0.0082702
0.0082825
0.0082945
0.0083063
0.0083179
0.0083293
0.0083405
0.0083515
0.0083622
0.0083727
0.008383
0.0083931
0.008403
0.0084127
0.0084221
0.0084314
0.0084404
0.0084492
0.0084578
0.0084662
0.0084743
0.0084823
0.00849
0.0084975
0.0085048
0.0085119
0.0085187
0.0085254
0.0085318
0.0085381
0.0085441
0.0085498
0.0085554
0.0085608
0.0085659
0.0085709
0.0085756
0.0085801
0.0085844
0.0085884
0.0085923
0.0085959
0.0085993
0.0086025
0.0086055
0.0086083
0.0086109
0.0086132
0.0086154
0.0086173
0.008619
0.0086205
0.0086217
0.0086228
0.0086236
0.0086243
0.0086249
0.0086253
0.0086256
0.0086257
0.0086257
0.0086256
0.0086253
0.0086249
0.0086243
0.0086236
0.0086228
0.0086218
0.0086207
0.0086195
0.0086181
0.0086166
0.0086149
0.0086131
0.0086112
0.0086091
0.0086069
0.0086046
0.0086021
0.0085995
0.0085967
0.0085938
0.0085908
0.0085876
0.0085843
0.0085808
0.0085772
0.0085735
0.0085696
0.0085656
0.0085615
0.0085572
0.0085528
0.0085482
0.0085436
0.0085387
0.0085338
0.0085286
0.0085234
0.008518
0.0085125
0.0085068
0.008501
0.0084951
0.008489
0.0084828
0.0084765
0.00847
0.0084634
0.0084566
0.0084497
0.0084427
0.0084355
0.0084282
0.0084207
0.0084131
0.0084054
0.0083975
0.0083895
0.0083814
0.0083731
0.0083647
0.0083561
0.0083474
0.0083386
0.0083296
0.0083205
0.0083113
0.0083019
0.0082924
0.0082827
0.0082729
0.008263
0.0082529
0.0082427
0.0082323
0.0082218
0.0082112
0.0082004
0.0081895
0.0081785
0.0081673
0.008156
0.0081446
0.008133
0.0081212
0.0081094
0.0080974
0.0080852
0.0080729
0.0080605
0.0080479
0.0080352
0.0080224
0.0080094
0.0079963
0.0079831
0.0079697
0.0079562
0.0079425
0.0079287
0.0079148
0.0079007
0.0078865
0.0078721
0.0078576
0.007843
0.0078282
0.0078133
0.0077982
0.0077829
0.0077674
0.0077516
0.0077357
0.0077196
0.0077032
0.0076866
0.0076699
0.0076529
0.0076357
0.0076183
0.0076007
0.0075829
0.0075649
0.0075467
0.0075283
0.0075096
0.0074908
0.0074717
0.0074525
0.007433
0.0074133
0.0073934
0.0073733
0.007353
0.0073325
0.0073118
0.0072909
0.0072698
0.0072484
0.0072269
0.0072051
0.0071832
0.007161
0.0071386
0.007116
0.0070933
0.0070703
0.0070471
0.0070236
0.007
0.0069762
0.0069522
0.0069279
0.0069035
0.0068788
0.0068539
0.0068289
0.0068036
0.0067781
0.0067524
0.0067265
0.0067004
0.006674
0.0066475
0.0066208
0.0065938
0.0065667
0.0065393
0.0065118
0.006484
0.006456
0.0064278
0.0063994
0.0063708
0.006342
0.006313
0.0062837
0.0062543
0.0062247
0.0061948
0.0061648
0.0061345
0.006104
0.0060733
0.0060424
0.0060114
0.00598
0.0059485
0.0059168
0.0058849
0.0058528
0.0058204
0.0057879
0.0057551
0.0057221
0.005689
0.0056556
0.005622
0.0055882
0.0055542
0.00552
0.0054856
0.0054509
0.0054162
0.0053814
0.0053466
0.0053117
0.0052768
0.0052418
0.0052068
0.0051718
0.0051368
0.0051017
0.0050665
0.0050314
0.0049962
0.0049609
0.0049256
0.0048903
0.004855
0.0048196
0.0047842
0.0047491
0.0047142
0.0046797
0.0046454
0.0046114
0.0045777
0.0045443
0.0045112
0.0044784
0.0044459
0.0044137
0.0043817
0.0043501
0.0043187
0.0042876
0.0042569
0.0042264
0.0041962
0.0041663
0.0041367
0.0041073
0.0040783
0.0040495
0.0040211
0.0039929
0.003965
0.0039375
0.0039102
0.0038832
0.0038565
0.00383
0.0038039
0.0037781
0.0037525
0.0037273
0.0037023
0.0036776
0.0036532
0.0036291
0.0036053
0.0035818
0.0035586
0.0035356
0.003513
0.0034907
0.0034686
0.0034468
0.0034253
0.0034041
0.0033832
0.0033626
0.0033423
0.0033223
0.0033025
0.0032831
0.0032639
0.0032451
0.0032265
0.0032082
0.0031902
0.0031725
0.0031551
0.003138
0.0031211
0.0031046
0.0030883
0.0030724
0.0030567
0.0030413
0.0030262
0.0030114
0.0029969
0.0029827
0.0029688
0.0029552
0.0029418
0.0029287
0.002916
0.0029035
0.0028913
0.0028794
0.0028678
0.0028565
0.0028455
0.0028348
0.0028243
0.0028142
0.0028043
0.0027947
0.0027855
0.0027765
0.0027678
0.0027594
0.0027513
0.0027434
0.0027359
0.0027286
0.0027217
0.002715
0.0027087
0.0027026
0.0026968
0.0026913
0.0026861
0.0026811
0.0026765
0.0026722
0.0026681
0.0026644
0.0026609
0.0026577
0.0026548
0.0026522
0.0026499
0.0026475
0.0026452
0.0026428
0.0026405
0.0026381
0.0026357
0.0026333
0.0026309
0.0026285
0.0026261
0.0026237
0.0026213
0.0026189
0.0026164
0.002614
0.0026115
0.0026091
0.0026066
0.0026041
0.0026017
0.0025992
0.0025967
0.0025942
0.0025917
0.0025891
0.0025866
0.0025841
0.0025815
0.002579
0.0025764
0.0025739
0.0025713
0.0025687
0.0025661
0.0025635
0.0025609
0.0025583
0.0025557
0.0025531
0.0025505
0.0025478
0.0025452
0.0025425
0.0025399
0.0025372
0.0025345
0.0025318
0.0025291
0.0025264
0.0025237
0.002521
0.0025183
0.0025156
0.0025128
0.0025101
0.0025074
0.0025046
0.0025018
0.0024991
0.0024963
0.0024935
0.0024907
0.0024879
0.0024851
0.0024823
0.0024794
0.0024766
0.0024738
0.0024709
0.0024681
0.0024652
0.0024623
0.0024595
0.0024566
0.0024537
0.0024508
0.0024479
0.002445
0.002442
0.0024391
0.0024362
0.0024332
0.0024303
0.0024273
0.0024243
0.0024214
0.0024184
0.0024154
0.0024124
0.0024094
0.0024064
0.0024034
0.0024003
0.0023973
0.0023943
0.0023912
0.0023882
0.0023851
0.002382
0.002379
0.0023759
0.0023728
0.0023697
0.0023666
0.0023634
0.0023603
0.0023572
0.0023541
0.0023509
0.0023478
0.0023446
0.0023414
0.0023383
0.0023352
0.0023324
0.0023299
0.0023278
0.002326
0.0023245
0.0023233
0.0023225
0.002322
0.0023219
0.0023221
0.0023226
0.0023234
0.0023246
0.0023261
0.0023279
0.00233
0.0023325
0.0023353
0.0023385
0.002342
0.0023458
0.0023499
0.0023544
0.0023592
0.0023643
0.0023698
0.0023756
0.0023817
0.0023881
0.0023949
0.002402
0.0024095
0.0024172
0.0024253
0.0024338
0.0024425
0.0024516
0.002461
0.0024708
0.0024809
0.0024913
0.002502
0.0025131
0.0025245
0.0025362
0.0025483
0.0025607
0.0025734
0.0025865
0.0025998
0.0026135
0.0026276
0.0026418
0.0026562
0.0026708
0.0026856
0.0027005
0.0027156
0.0027309
0.0027463
0.0027619
0.0027777
0.0027937
0.0028098
0.0028261
0.0028426
0.0028593
0.0028761
0.0028931
0.0029103
0.0029276
0.0029451
0.0029628
0.0029807
0.0029987
0.0030169
0.0030353
0.0030539
0.0030726
0.0030915
0.0031106
0.0031298
0.0031492
0.0031688
0.0031886
0.0032085
0.0032286
0.0032489
0.0032694
0.00329
0.0033108
0.0033318
0.0033529
0.0033743
0.0033957
0.0034174
0.0034393
0.0034613
0.0034834
0.0035058
0.0035283
0.003551
0.0035739
0.003597
0.0036202
0.0036436
0.0036671
0.0036909
0.0037148
0.0037389
0.0037631
0.0037876
0.0038122
0.0038369
0.0038615
0.0038861
0.0039106
0.003935
0.0039593
0.0039836
0.0040078
0.0040319
0.004056
0.00408
0.0041039
0.0041277
0.0041515
0.0041752
0.0041988
0.0042223
0.0042458
0.0042691
0.0042925
0.0043157
0.0043389
0.004362
0.004385
0.0044079
0.0044308
0.0044536
0.0044763
0.004499
0.0045216
0.0045441
0.0045665
0.0045889
0.0046111
0.0046334
0.0046555
0.0046776
0.0046995
0.0047215
0.0047433
0.0047651
0.0047868
0.0048084
0.0048299
0.0048514
0.0048728
0.0048941
0.0049154
0.0049366
0.0049577
0.0049787
0.0049997
0.0050205
0.0050413
0.0050621
0.0050827
0.0051033
0.0051238
0.0051443
0.0051647
0.005185
0.0052052
0.0052253
0.0052454
0.0052654
0.0052853
0.0053052
0.005325
0.0053447
0.0053643
0.0053838
0.0054033
0.0054227
0.0054421
0.0054613
0.0054805
0.0054996
0.0055187
0.0055377
0.0055566
0.0055754
0.0055941
0.0056128
0.0056314
0.0056499
0.0056684
0.0056868
0.0057051
0.0057233
0.0057414
0.0057595
0.0057775
0.0057955
0.0058133
0.0058311
0.0058488
0.0058665
0.0058841
0.0059016
0.005919
0.0059363
0.0059536
0.0059708
0.0059879
0.006005
0.006022
0.0060389
0.0060557
0.0060725
0.0060891
0.0061057
0.0061223
0.0061387
0.0061551
0.0061714
0.0061873
0.0062029
0.0062181
0.0062331
0.0062477
0.0062621
0.0062761
0.0062898
0.0063031
0.0063162
0.0063289
0.0063413
0.0063534
0.0063652
0.0063766
0.0063877
0.0063985
0.006409
0.0064192
0.0064291
0.0064386
0.0064478
0.0064567
0.0064653
0.0064736
0.0064815
0.0064891
0.0064964
0.0065034
0.0065101
0.0065164
0.0065225
0.0065282
0.0065336
0.0065386
0.0065434
0.0065478
0.0065519
0.0065557
0.0065592
0.0065624
0.0065652
0.0065677
0.0065699
0.0065718
0.0065734
0.0065746
0.0065755
0.0065761
0.0065764
0.0065764
0.006576
0.0065754
0.0065744
0.0065731
0.0065714
0.0065695
0.0065672
0.0065647
0.0065617
0.0065585
0.006555
0.0065511
0.0065469
0.0065425
0.0065376
0.0065325
0.006527
0.0065213
0.0065152
0.0065088
0.006502
0.006495
0.0064876
0.0064799
0.0064719
0.0064636
0.006455
0.006446
0.0064367
0.0064271
0.0064172
0.006407
0.0063964
0.0063855
0.0063743
0.0063628
0.0063511
0.0063391
0.0063268
0.0063143
0.0063015
0.0062885
0.0062752
0.0062616
0.0062478
0.0062337
0.0062194
0.0062049
0.00619
0.0061749
0.0061596
0.006144
0.0061281
0.006112
0.0060957
0.006079
0.0060622
0.006045
0.0060276
0.00601
0.0059921
0.0059739
0.0059556
0.0059373
0.005919
0.0059007
0.0058824
0.005864
0.0058457
0.0058274
0.0058091
0.0057907
0.0057724
0.0057541
0.0057357
0.0057174
0.0056991
0.0056807
0.0056624
0.005644
0.0056257
0.0056074
0.005589
0.0055707
0.0055523
0.005534
0.0055156
0.0054972
0.0054789
0.0054605
0.0054422
0.0054238
0.0054054
0.0053871
0.0053687
0.0053503
0.0053319
0.0053136
0.0052952
0.0052768
0.0052584
0.0052401
0.0052217
0.0052033
0.0051849
0.0051665
0.0051481
0.0051297
0.0051113
0.0050929
0.0050745
0.0050561
0.0050377
0.0050193
0.0050009
0.0049825
0.0049641
0.0049457
0.0049273
0.0049089
0.0048905
0.004872
0.0048536
0.0048352
0.0048168
0.0047984
0.0047799
0.0047615
0.0047431
0.0047246
0.0047062
0.0046878
0.0046693
0.0046509
0.0046325
0.004614
0.0045956
0.0045771
0.0045587
0.0045402
0.0045218
0.0045033
0.0044849
0.0044664
0.004448
0.0044295
0.004411
0.0043926
0.0043741
0.0043556
0.0043372
0.0043187
0.0043002
0.0042817
0.0042633
0.0042448
0.0042263
0.0042078
0.0041893
0.0041709
0.0041524
0.0041339
0.0041154
0.0040969
0.0040784
0.0040599
0.0040414
0.0040229
0.0040044
0.0039859
0.0039674
0.0039489
0.0039304
0.0039119
0.0038934
0.0038749
0.0038565
0.0038385
0.0038207
0.0038033
0.0037862
0.0037695
0.003753
0.0037369
0.003721
0.0037055
0.0036903
0.0036755
0.0036609
0.0036467
0.0036327
0.0036191
0.0036058
0.0035929
0.0035802
0.0035679
0.0035559
0.0035441
0.0035328
0.0035217
0.0035109
0.0035005
0.0034904
0.0034806
0.0034711
0.0034619
0.003453
0.0034445
0.0034363
0.0034284
0.0034208
0.0034135
0.0034066
0.0033999
0.0033936
0.0033876
0.0033819
0.0033765
0.0033715
0.0033667
0.0033623
0.0033582
0.0033544
0.0033509
0.0033478
0.003345
0.0033424
0.0033402
0.0033383
0.0033368
0.0033355
0.0033346
0.003334
0.0033337
0.0033337
0.003334
0.0033346
0.0033356
0.0033369
0.0033385
0.0033404
0.0033426
0.0033452
0.003348
0.0033512
0.0033547
0.0033585
0.0033627
0.0033671
0.0033719
0.0033769
0.0033823
0.0033881
0.0033941
0.0034004
0.0034071
0.0034141
0.0034214
0.003429
0.0034369
0.0034452
0.0034537
0.0034626
0.0034718
0.0034813
0.0034912
0.0035013
0.0035118
0.0035226
0.0035337
0.0035451
0.0035568
0.0035688
0.0035812
0.0035939
0.0036069
0.0036202
0.0036338
0.0036478
0.0036621
0.0036766
0.0036915
0.0037068
0.0037223
0.0037381
0.0037543
0.0037708
0.0037876
0.0038047
0.0038221
0.0038394
0.0038563
0.0038727
0.0038887
0.0039043
0.0039194
0.003934
0.0039482
0.003962
0.0039754
0.0039883
0.0040008
0.0040128
0.0040245
0.0040357
0.0040465
0.0040568
0.0040667
0.0040762
0.0040853
0.0040939
0.0041021
0.0041099
0.0041173
0.0041242
0.0041307
0.0041367
0.0041424
0.0041476
0.0041523
0.0041567
0.0041606
0.0041641
0.0041671
0.0041698
0.004172
0.0041737
0.0041751
0.004176
0.0041765
0.0041765
0.0041762
0.0041754
0.0041741
0.0041725
0.0041704
0.0041679
0.0041649
0.0041615
0.0041577
0.0041535
0.0041488
0.0041437
0.0041382
0.0041323
0.0041259
0.0041191
0.0041118
0.0041042
0.0040961
0.0040876
0.0040786
0.0040692
0.0040594
0.0040492
0.0040385
0.0040274
0.0040159
0.0040039
0.0039915
0.0039787
0.0039655
0.0039518
0.0039377
0.0039232
0.0039082
0.0038928
0.003877
0.0038608
0.0038441
0.003827
0.0038095
0.0037915
0.0037731
0.0037543
0.0037351
0.0037154
0.0036953
0.0036747
0.0036538
0.0036324
0.0036106
0.0035883
0.0035656
0.0035425
0.003519
0.003495
0.0034706
0.0034458
0.0034206
0.0033949
0.0033688
0.0033422
0.0033153
0.0032879
0.00326
0.0032318
0.0032031
0.003174
0.0031444
0.0031145
0.0030841
0.0030532
0.003022
0.0029908
0.00296
0.0029295
0.0028994
0.0028696
0.0028402
0.0028111
0.0027823
0.002754
0.0027259
0.0026982
0.0026709
0.0026439
0.0026172
0.0025909
0.0025649
0.0025393
0.0025141
0.0024892
0.0024646
0.0024404
0.0024165
0.002393
0.0023698
0.002347
0.0023245
0.0023024
0.0022806
0.0022591
0.0022381
0.0022173
0.0021969
0.0021769
0.0021572
0.0021378
0.0021188
0.0021002
0.0020819
0.0020639
0.0020463
0.0020291
0.0020122
0.0019956
0.0019794
0.0019635
0.001948
0.0019328
0.001918
0.0019035
0.0018894
0.0018756
0.0018622
0.0018491
0.0018364
0.001824
0.0018119
0.0018003
0.0017889
0.0017779
0.0017673
0.001757
0.001747
0.0017374
0.0017282
0.0017193
0.0017107
0.0017025
0.0016946
0.0016871
0.0016799
0.0016731
0.0016666
0.0016605
0.0016547
0.0016493
0.0016442
0.0016395
0.0016351
0.0016311
0.0016274
0.0016241
0.0016211
0.0016184
0.0016161
0.0016142
0.0016126
0.0016113
0.0016104
0.0016099
0.0016097
0.0016098
0.0016103
0.0016111
0.0016123
0.0016138
0.0016157
0.0016179
0.0016205
0.0016234
0.0016267
0.0016303
0.0016343
0.0016386
0.0016433
0.0016483
0.0016536
0.0016594
0.0016654
0.0016718
0.0016786
0.0016857
0.0016931
0.0017009
0.0017091
0.0017175
0.0017264
0.0017356
0.0017451
0.001755
0.0017652
0.0017758
0.0017867
0.001798
0.0018096
0.0018216
0.0018339
0.0018466
0.0018596
0.001873
0.0018867
0.0019007
0.0019151
0.0019299
0.001945
0.0019604
0.0019762
0.0019924
0.0020089
0.0020257
0.0020429
0.0020604
0.0020783
0.0020966
0.0021151
0.0021341
0.0021534
